Q4VICTIM1 1 13
0.4999999998059745 0.5 0.08333333333333333 0.020833333333333332 0.9306251575895108 2.884743262745254 0.2026543142950667 1.5964689238678178 2.9415736127836394 1.8799864293146076 2.2501171797655326 1.1850869000387756 5.492265417838898
0.2947531744082248 0.5 0.2763853991969493 0.14282613750818998 0.2540904831964937 1.1769300933290854 0.3315479914572616 0.923057225003153 1.3343222503901375 1.3212434550442886 1.0457295639499553 0.6961346909505585 1.0048453508654394
-2.657308179070538
0.1 32
15
1 8 6 0.7187703251838684 0.0005600000000008221
2 5 6 -0.5268426239490509 -0.022628538837618964
3 4 5 0.7983366549015045 -0.03912369614576998
-1 -1 -2 -2.0 -0.47721159687585074
-1 -1 -2 -2.0 -0.822361844599667
6 7 7 0.5400588810443878 0.008828378158109997
-1 -1 -2 -2.0 -0.15362227741665205
-1 -1 -2 -2.0 0.5990312139689696
9 12 7 1.347541868686676 0.10291850413794983
10 11 7 0.7953419387340546 0.054572057896581254
-1 -1 -2 -2.0 0.4825252959313055
-1 -1 -2 -2.0 1.5269450331822951
13 14 6 3.303016781806946 0.1978712792296945
-1 -1 -2 -2.0 2.7648916392272698
-1 -1 -2 -2.0 5.1337399575466245
15
1 8 7 1.1859232187271118 -0.00040767191774611063
2 5 6 -0.3852747082710266 -0.016954219199333195
3 4 5 0.28283897042274475 -0.03399125661681369
-1 -1 -2 -2.0 -0.2962666228732586
-1 -1 -2 -2.0 -0.7170572054616953
6 7 6 1.2629639506340027 0.017389460808045903
-1 -1 -2 -2.0 0.12463037293714378
-1 -1 -2 -2.0 0.8753898989454897
9 12 5 -1.2709773778915405 0.11719661583788475
10 11 7 1.6983455419540405 0.19641704560075857
-1 -1 -2 -2.0 1.9415432573924352
-1 -1 -2 -2.0 2.9168210965516255
13 14 5 -0.21191859990358353 0.07146469072815083
-1 -1 -2 -2.0 1.2984358227059312
-1 -1 -2 -2.0 0.06873543520615824
15
1 8 7 1.042206346988678 -0.0005744126057393031
2 5 6 -0.5262550115585327 -0.01724929543490138
3 4 5 0.745314747095108 -0.03305569852367222
-1 -1 -2 -2.0 -0.4299054691163924
-1 -1 -2 -2.0 -0.7812346259054449
6 7 6 1.318072497844696 0.007866556860977914
-1 -1 -2 -2.0 0.007164086309464635
-1 -1 -2 -2.0 0.7845411313658514
9 12 5 -1.1032863855361938 0.09205324207247886
10 11 6 3.4969277381896973 0.15308579681024936
-1 -1 -2 -2.0 1.4899874810018443
-1 -1 -2 -2.0 2.3819678944358365
13 14 6 -0.35572549700737 0.04636127543401542
-1 -1 -2 -2.0 0.09316438774240383
-1 -1 -2 -2.0 0.8451346929924893
15
1 8 6 1.0706465244293213 -0.0017187844846577305
2 5 7 0.19473057985305786 -0.015028702728250267
3 4 5 0.31552259624004364 -0.028742027941201176
-1 -1 -2 -2.0 -0.28588453956908627
-1 -1 -2 -2.0 -0.7176756477734012
6 7 5 0.16598200798034668 0.012094513683231153
-1 -1 -2 -2.0 0.3189154702232591
-1 -1 -2 -2.0 -0.3005243063590502
9 12 7 1.7537271976470947 0.08229651162999202
10 11 7 0.9845076203346252 0.055837048962270514
-1 -1 -2 -2.0 0.4110381276093716
-1 -1 -2 -2.0 0.9256545032073007
13 14 7 2.6973748207092285 0.17738044441238138
-1 -1 -2 -2.0 1.4216368182407904
-1 -1 -2 -2.0 2.4409466094591057
15
1 8 7 1.1692504286766052 -0.000705694559666907
2 5 7 0.19773025810718536 -0.012674942140883749
3 4 6 -0.6036496460437775 -0.025414874806768364
-1 -1 -2 -2.0 -0.6608761311290695
-1 -1 -2 -2.0 -0.24387318300046615
6 7 5 -0.9301511645317078 0.013301983188034801
-1 -1 -2 -2.0 0.5197868151580236
-1 -1 -2 -2.0 0.0347583658526864
9 12 5 -1.2709773778915405 0.08194361581339636
10 11 7 2.915441870689392 0.14052954435835704
-1 -1 -2 -2.0 1.112772025663762
-1 -1 -2 -2.0 2.2978354155455634
13 14 7 2.170210838317871 0.04930774072452254
-1 -1 -2 -2.0 0.4737267485577115
-1 -1 -2 -2.0 1.4339200318438539
15
1 8 7 1.0405519008636475 -0.00013228547051000834
2 5 7 -0.0337877981364727 -0.012523161495913069
3 4 5 -0.8757765889167786 -0.025444113210416633
-1 -1 -2 -2.0 0.02561525721531983
-1 -1 -2 -2.0 -0.5835421659646819
6 7 5 -1.0782942175865173 0.0058420233037847205
-1 -1 -2 -2.0 0.4631057547841836
-1 -1 -2 -2.0 -0.03445461714824137
9 12 5 -1.2709773778915405 0.06849321453417795
10 11 8 2.0008108615875244 0.12776693829659713
-1 -1 -2 -2.0 0.9343155327090008
-1 -1 -2 -2.0 1.728193450120489
13 14 7 2.0926120281219482 0.03808569372333264
-1 -1 -2 -2.0 0.3391171109236831
-1 -1 -2 -2.0 1.201799711902165
15
1 8 6 0.4808160215616226 -0.0014714300179330616
2 5 5 0.22338200360536575 -0.014713913461766
3 4 7 0.2854491025209427 -0.00012055759181283679
-1 -1 -2 -2.0 -0.21406586365581137
-1 -1 -2 -2.0 0.21839846561340878
6 7 5 0.8626967668533325 -0.02669208400341864
-1 -1 -2 -2.0 -0.45169041326242254
-1 -1 -2 -2.0 -0.7402354368691056
9 12 10 -0.35854296386241913 0.04588845585493572
10 11 7 1.8284842371940613 0.08803156785045639
-1 -1 -2 -2.0 0.6611701525848817
-1 -1 -2 -2.0 0.9333835753698426
13 14 6 3.793494462966919 0.02114134879021972
-1 -1 -2 -2.0 0.2339453960431621
-1 -1 -2 -2.0 1.195670235154226
15
1 8 7 0.81734499335289 -0.0005290954506936819
2 5 5 0.18049976229667664 -0.0127751981081747
3 4 10 0.4529281407594681 -0.00025790426972058337
-1 -1 -2 -2.0 0.1424158276504499
-1 -1 -2 -2.0 -0.22490833631884438
6 7 5 1.159115731716156 -0.02368544493318807
-1 -1 -2 -2.0 -0.4630057195075229
-1 -1 -2 -2.0 -0.7795653509993298
9 12 5 -1.2709773778915405 0.04598326278863832
10 11 7 1.8812044858932495 0.09251756130326974
-1 -1 -2 -2.0 0.6463861444429428
-1 -1 -2 -2.0 0.8503222310701535
13 14 7 2.170210838317871 0.02528086911450603
-1 -1 -2 -2.0 0.2478775343111896
-1 -1 -2 -2.0 0.890141832858548
15
1 8 6 -0.04623030498623848 -0.0012085367374214634
2 5 7 0.17397285252809525 -0.0148523475641237
3 4 5 0.870542585849762 -0.019708036722644363
-1 -1 -2 -2.0 -0.3327946154923432
-1 -1 -2 -2.0 -0.6982882523187864
6 7 5 0.5629362761974335 -0.001100204782517918
-1 -1 -2 -2.0 0.0643767889565662
-1 -1 -2 -2.0 -0.5064317410836974
9 12 10 -0.35818758606910706 0.029286055147267308
10 11 5 -1.0678042769432068 0.06450625745494458
-1 -1 -2 -2.0 0.6463422449990083
-1 -1 -2 -2.0 0.3742964674348109
13 14 7 0.2850590795278549 0.012067343429380262
-1 -1 -2 -2.0 -0.14303235429776975
-1 -1 -2 -2.0 0.2648074314125594
15
1 8 5 -0.9663771092891693 -0.0004491103125181601
2 5 7 1.7537271976470947 0.03689372613211272
3 4 9 0.7430925667285919 0.0259146606645918
-1 -1 -2 -2.0 0.3662477256172847
-1 -1 -2 -2.0 -0.136472223606848
6 7 7 2.9442319869995117 0.10438497523838398
-1 -1 -2 -2.0 0.5887830471573501
-1 -1 -2 -2.0 1.2342361296703768
9 12 7 0.6238131523132324 -0.009887571201748279
10 11 7 -0.45540086925029755 -0.014858386246679678
-1 -1 -2 -2.0 -0.55517429830313
-1 -1 -2 -2.0 -0.17378398311220314
13 14 5 0.4878227710723877 0.01148650915933476
-1 -1 -2 -2.0 0.20172858318937842
-1 -1 -2 -2.0 -0.5017344704414209
15
1 8 6 -0.05846151150763035 -0.0010643832577278468
2 5 5 0.22185994684696198 -0.012559349435112612
3 4 10 0.47303515672683716 -0.0034391875696829547
-1 -1 -2 -2.0 0.03556916560672499
-1 -1 -2 -2.0 -0.28802011583517756
6 7 9 -0.7448337376117706 -0.018070529923223392
-1 -1 -2 -2.0 -0.6630552511526547
-1 -1 -2 -2.0 -0.38981570714220387
9 12 7 1.0339237451553345 0.024254835147259308
10 11 12 -2.1100865602493286 0.008603631645043495
-1 -1 -2 -2.0 0.8049966191076674
-1 -1 -2 -2.0 0.0880715732792711
13 14 5 -1.3543910384178162 0.050316636760022994
-1 -1 -2 -2.0 0.5370645853468156
-1 -1 -2 -2.0 0.2655045747784651
15
1 8 7 1.1946702599525452 -0.000283388370489328
2 5 5 -0.9663771092891693 -0.0064137398805850536
3 4 10 -0.21846363693475723 0.01586609684278444
-1 -1 -2 -2.0 0.48535691239241585
-1 -1 -2 -2.0 0.0802527007876102
6 7 7 -0.12135199084877968 -0.01056296207639138
-1 -1 -2 -2.0 -0.44273416129017124
-1 -1 -2 -2.0 -0.04300264504009631
9 12 7 2.1753653287887573 0.04417864466394864
10 11 5 -1.2665749192237854 0.033558357187809515
-1 -1 -2 -2.0 0.3900463844855261
-1 -1 -2 -2.0 0.20248042835184238
13 14 6 2.290574789047241 0.10371511604498636
-1 -1 -2 -2.0 0.32056679556417067
-1 -1 -2 -2.0 0.7902308769357093
15
1 8 6 0.044778987765312195 -0.0011452548377894594
2 5 5 0.8140362501144409 -0.009907609348994465
3 4 7 -0.33010531961917877 -0.0058498232626885685
-1 -1 -2 -2.0 -0.3118177620187169
-1 -1 -2 -2.0 -0.04225447157263325
6 7 12 0.721737414598465 -0.017669533282967508
-1 -1 -2 -2.0 -0.6565667153906706
-1 -1 -2 -2.0 -0.23488407415965282
9 12 10 -0.45448847115039825 0.02020653125314578
10 11 7 2.9620357751846313 0.048818714803568315
-1 -1 -2 -2.0 0.35000012595082247
-1 -1 -2 -2.0 0.9782807245657413
13 14 11 1.082830548286438 0.00914190689541114
-1 -1 -2 -2.0 0.038252477316517236
-1 -1 -2 -2.0 0.40639847796260337
15
1 8 7 0.9836814999580383 -0.000271920819531261
2 5 6 0.29552778601646423 -0.006517209415764498
3 4 7 -0.15885590761899948 -0.009910972728514907
-1 -1 -2 -2.0 -0.4014950017525121
-1 -1 -2 -2.0 -0.07412123061797621
6 7 12 -2.6097112894058228 0.010182763538362793
-1 -1 -2 -2.0 1.0144129149558627
-1 -1 -2 -2.0 0.10154913484117388
9 12 5 -1.0924853682518005 0.031082360700024233
10 11 7 2.9616328477859497 0.052688035540476796
-1 -1 -2 -2.0 0.3174370034363527
-1 -1 -2 -2.0 0.9630483661303658
13 14 5 -0.005606815917417407 0.014849628947625546
-1 -1 -2 -2.0 0.22444793518091952
-1 -1 -2 -2.0 -0.1992626135941931
15
1 8 7 0.5662590265274048 -0.0007159692236338053
2 5 6 -0.019254096783697605 -0.007997235620782105
3 4 7 -0.8150261044502258 -0.010420523078217158
-1 -1 -2 -2.0 -0.5050755368529807
-1 -1 -2 -2.0 -0.18643619432930822
6 7 12 -2.1100865602493286 0.003962038664143195
-1 -1 -2 -2.0 0.7867916743961614
-1 -1 -2 -2.0 -0.0024283739476999694
9 12 5 -1.502998948097229 0.017798029716551884
10 11 9 -0.4825250655412674 0.0508912016510452
-1 -1 -2 -2.0 0.47668685431295643
-1 -1 -2 -2.0 0.14937553347109933
13 14 9 -0.7448337376117706 0.011390900560453726
-1 -1 -2 -2.0 -0.015857519857357637
-1 -1 -2 -2.0 0.21355081393665254
15
1 8 5 -1.2665749192237854 -4.6065750964615295e-05
2 5 10 0.5466362833976746 0.029814784693766375
3 4 9 0.7851838171482086 0.03748468573912757
-1 -1 -2 -2.0 0.3207647299024809
-1 -1 -2 -2.0 -0.1126761207909704
6 7 5 -1.8064738512039185 -0.00942413607036215
-1 -1 -2 -2.0 0.7707264368982115
-1 -1 -2 -2.0 -0.22154203692904134
9 12 7 0.3219486474990845 -0.004432676248187181
10 11 5 1.3355959057807922 -0.009775267366657217
-1 -1 -2 -2.0 -0.20287771605900468
-1 -1 -2 -2.0 -0.7225874997023634
13 14 7 2.175193428993225 0.007123556551500291
-1 -1 -2 -2.0 0.07193787502425764
-1 -1 -2 -2.0 0.41042300513759256
15
1 8 7 0.27737127244472504 0.0002946847061498708
2 5 5 -1.4633401036262512 -0.007447527985844196
3 4 10 0.8803902864456177 0.012320011070865878
-1 -1 -2 -2.0 0.35291130744238836
-1 -1 -2 -2.0 -0.4225328354235166
6 7 0 -1.2993201613426208 -0.008204833835713986
-1 -1 -2 -2.0 0.04809362140221641
-1 -1 -2 -2.0 -0.2626351241954543
9 12 9 0.7430925667285919 0.012714484232890356
10 11 5 -1.0574423670768738 0.016340765954133557
-1 -1 -2 -2.0 0.2391734321719518
-1 -1 -2 -2.0 0.10736612350843701
13 14 5 -1.7124032974243164 -0.0197876449676631
-1 -1 -2 -2.0 0.5270990984520674
-1 -1 -2 -2.0 -0.32170005420810627
15
1 8 6 -0.04623030498623848 0.00034162398398117426
2 5 5 0.014073710888624191 -0.0060200885532867435
3 4 9 1.5748659372329712 0.0020836492405256384
-1 -1 -2 -2.0 0.07491514804381873
-1 -1 -2 -2.0 -0.483286188350824
6 7 10 -0.6192881762981415 -0.00918221536172579
-1 -1 -2 -2.0 -0.5470026347444572
-1 -1 -2 -2.0 -0.21229737669021925
9 12 10 -0.4546654522418976 0.01446474872573991
10 11 8 1.9980655908584595 0.03347054872488601
-1 -1 -2 -2.0 0.20819091610955293
-1 -1 -2 -2.0 0.45713272773740804
13 14 6 3.7041527032852173 0.007370290595925923
-1 -1 -2 -2.0 0.07331850728273795
-1 -1 -2 -2.0 0.5390223637024207
15
1 8 5 -0.20308088511228561 -0.0013177183788485945
2 5 10 0.6960465610027313 0.007691827989386341
3 4 9 0.7430925667285919 0.01189038306874734
-1 -1 -2 -2.0 0.1551833408049402
-1 -1 -2 -2.0 -0.15663953344346007
6 7 5 -1.7349625825881958 -0.013104591323926442
-1 -1 -2 -2.0 0.5123303360939948
-1 -1 -2 -2.0 -0.26931662909940524
9 12 6 -0.6061012148857117 -0.008192421602000833
10 11 12 0.5013689398765564 -0.010739814833005555
-1 -1 -2 -2.0 -0.4705485640626167
-1 -1 -2 -2.0 -0.21758641126405073
13 14 11 1.083820641040802 -0.002502178341410316
-1 -1 -2 -2.0 0.016047625350651535
-1 -1 -2 -2.0 -0.4622687120259964
15
1 8 7 0.8302007019519806 -0.0005961726988366231
2 5 5 0.6262858510017395 -0.00446108886923413
3 4 10 0.6713007986545563 -0.00104327083530009
-1 -1 -2 -2.0 0.04563658230661949
-1 -1 -2 -2.0 -0.2105871961585673
6 7 12 0.738282173871994 -0.010173589265893906
-1 -1 -2 -2.0 -0.4698449731349904
-1 -1 -2 -2.0 -0.13275520921437697
9 12 10 -0.8148569166660309 0.014375096602312098
10 11 6 -0.021879984065890312 0.036991339817621365
-1 -1 -2 -2.0 -0.26447415975418365
-1 -1 -2 -2.0 0.3345070962484697
13 14 10 -0.7444761097431183 0.009986842244964647
-1 -1 -2 -2.0 -0.2186972273381658
-1 -1 -2 -2.0 0.11076054456560071
15
1 8 7 1.744942545890808 -0.0006518252033681381
2 5 5 0.22338200360536575 -0.0021735231034313825
3 4 9 0.9663530886173248 0.0026882652148585706
-1 -1 -2 -2.0 0.06443657430703378
-1 -1 -2 -2.0 -0.16450227966470993
6 7 5 1.3003756999969482 -0.008251290533081044
-1 -1 -2 -2.0 -0.21117851831998297
-1 -1 -2 -2.0 -0.63494196405264
9 12 6 2.1040300130844116 0.03138629195782892
10 11 10 -1.2020303606987 0.012134399353351904
-1 -1 -2 -2.0 -0.6724637948614783
-1 -1 -2 -2.0 0.13238194712220605
13 14 11 -0.49598778784275055 0.05522714062740712
-1 -1 -2 -2.0 0.7640425792404602
-1 -1 -2 -2.0 0.22462701228681714
15
1 8 5 -1.2709773778915405 -0.00016075845992704623
2 5 12 -1.1388915181159973 0.016662253783108885
3 4 12 -3.7358992099761963 0.04414685804556658
-1 -1 -2 -2.0 0.15905222173160344
-1 -1 -2 -2.0 0.5671361217363667
6 7 12 -0.7222387790679932 0.012301938435724318
-1 -1 -2 -2.0 -0.275270711471618
-1 -1 -2 -2.0 0.11796599998164563
9 12 7 -0.15883304923772812 -0.0026213457618658557
10 11 9 0.4881322830915451 -0.007501250734579398
-1 -1 -2 -2.0 -0.37849786932448815
-1 -1 -2 -2.0 -0.11948616477355051
13 14 9 -0.7448337376117706 0.0020717025861299175
-1 -1 -2 -2.0 -0.1078298370923155
-1 -1 -2 -2.0 0.09900058345679424
13
1 6 5 -0.20308088511228561 -0.00032028557769888977
2 5 7 3.0031864643096924 0.006344469102187843
3 4 11 1.3530021905899048 0.005896818863915193
-1 -1 -2 -2.0 0.043721012393160986
-1 -1 -2 -2.0 0.2271355452195043
-1 -1 -2 -2.0 0.5876127905497807
7 10 9 -0.7448337376117706 -0.005401070363876389
8 9 6 -0.4168947786092758 -0.011047523629097975
-1 -1 -2 -2.0 -0.3438360003112214
-1 -1 -2 -2.0 -0.5065709605588365
11 12 5 0.8680540025234222 -0.0024528839013873084
-1 -1 -2 -2.0 0.02982319679022388
-1 -1 -2 -2.0 -0.38082334321133376
13
1 8 7 -0.0013983945827931166 -7.347240660206661e-05
2 5 12 -3.1774147748947144 -0.005846389023121014
3 4 12 -3.2242554426193237 0.014764695670035329
-1 -1 -2 -2.0 0.10111262116880909
-1 -1 -2 -2.0 1.3720178810839838
6 7 9 0.42491383850574493 -0.006601203192385183
-1 -1 -2 -2.0 -0.3302203053118729
-1 -1 -2 -2.0 -0.10044827407222644
9 12 6 4.439041376113892 0.005962271248534326
10 11 9 0.6511541306972504 0.005435530196121281
-1 -1 -2 -2.0 0.09279136290636725
-1 -1 -2 -2.0 -0.1446139409338935
-1 -1 -2 -2.0 0.42520310916149295
13
1 8 7 1.8803006410598755 -0.0006320840651947145
2 5 5 -1.2709773778915405 -0.0015455643529214613
3 4 12 0.9100677371025085 0.008781931676602817
-1 -1 -2 -2.0 0.10298923480360572
-1 -1 -2 -2.0 -0.21971760628428771
6 7 5 -1.2578377723693848 -0.002890127518594054
-1 -1 -2 -2.0 -0.6402953095799889
-1 -1 -2 -2.0 -0.05881747944254885
9 10 7 1.9032219052314758 0.02460724552064055
-1 -1 -2 -2.0 0.8545463768694654
11 12 10 -0.814139187335968 0.018809279871363153
-1 -1 -2 -2.0 0.2186663388691405
-1 -1 -2 -2.0 -0.04730854480104292
15
1 8 7 2.144148588180542 -0.0005315712818355497
2 5 5 -1.2709773778915405 -0.001222264256101539
3 4 7 2.005702018737793 0.009835980348219267
-1 -1 -2 -2.0 0.09923612507280949
-1 -1 -2 -2.0 -0.27434911657829997
6 7 6 1.1568880677223206 -0.002720663447185834
-1 -1 -2 -2.0 -0.041317554354998655
-1 -1 -2 -2.0 -0.20895889410230514
9 12 9 -0.2892126068472862 0.03328773445811589
10 11 12 -0.4817987531423569 0.05259127194704166
-1 -1 -2 -2.0 0.8017917875382243
-1 -1 -2 -2.0 0.20798003946279567
13 14 8 1.92896968126297 -0.047572639245495145
-1 -1 -2 -2.0 0.05002550937700486
-1 -1 -2 -2.0 -0.7566532034645077
11
1 8 6 4.0538599491119385 -0.0005593333738462658
2 5 6 3.591257095336914 -0.0009625336960570985
3 4 5 0.014073710888624191 -0.0006789387061876234
-1 -1 -2 -2.0 0.04196594064083524
-1 -1 -2 -2.0 -0.1696530589926775
6 7 5 -1.6976898312568665 -0.05630989054993563
-1 -1 -2 -2.0 0.09629782637188082
-1 -1 -2 -2.0 -0.47472709151034626
9 10 5 -1.6481109261512756 0.07700437943864098
-1 -1 -2 -2.0 0.6099473205794126
-1 -1 -2 -2.0 0.09011790961601578
13
1 6 5 -1.7273760437965393 0.00025266482638020384
2 5 12 0.8754252791404724 0.02399822467603562
3 4 7 1.8482386469841003 0.012969803047215752
-1 -1 -2 -2.0 0.1720249355542346
-1 -1 -2 -2.0 -0.20443174225902672
-1 -1 -2 -2.0 0.8344682570545753
7 10 6 -0.6036491692066193 -0.00040518127401623137
8 9 5 1.336416780948639 -0.004355812847630834
-1 -1 -2 -2.0 -0.09995884133709317
-1 -1 -2 -2.0 -0.5219536866166932
11 12 10 0.6713007986545563 0.0025630745424135713
-1 -1 -2 -2.0 0.05654053848080755
-1 -1 -2 -2.0 -0.12450570523810983
15
1 8 5 -1.0574423670768738 -0.0005749086925521494
2 5 12 0.9291310906410217 0.00895187812445456
3 4 12 0.8754784166812897 0.011756448461253807
-1 -1 -2 -2.0 0.07131638721602233
-1 -1 -2 -2.0 0.550570325659839
6 7 12 0.947325587272644 -0.02756369005378369
-1 -1 -2 -2.0 -0.8043189119897078
-1 -1 -2 -2.0 -0.09947521040488456
9 12 9 -0.7448337376117706 -0.00266696425463922
10 11 5 -1.03041273355484 -0.008994231663170217
-1 -1 -2 -2.0 -0.8166347195150166
-1 -1 -2 -2.0 -0.20058433425364994
13 14 8 1.7376006245613098 0.00041478562263033036
-1 -1 -2 -2.0 -0.005831331210086919
-1 -1 -2 -2.0 0.5251117185987608
13
1 8 7 0.27737127244472504 -0.00011418255112739159
2 5 12 -3.1774147748947144 -0.0032697887259087767
3 4 4 -1.6947708576917648 0.010915964219456915
-1 -1 -2 -2.0 0.0738332364815485
-1 -1 -2 -2.0 0.6966167040907499
6 7 6 0.9813332259654999 -0.003700902756406874
-1 -1 -2 -2.0 -0.10608279174400517
-1 -1 -2 -2.0 -0.2053545170801149
9 10 12 -2.2439403533935547 0.00495007627742899
-1 -1 -2 -2.0 1.0297872795721446
11 12 9 0.7430925667285919 0.004454119848973262
-1 -1 -2 -2.0 0.06633267210630214
-1 -1 -2 -2.0 -0.19925014762573898
13
1 8 7 2.1223556995391846 3.4689054178498974e-05
2 5 9 -0.7448337376117706 -0.0006093301416923608
3 4 6 2.6768828630447388 -0.005694127400774278
-1 -1 -2 -2.0 -0.093441628639062
-1 -1 -2 -2.0 -0.17706264575260786
6 7 12 -1.6592140793800354 0.001849613691330983
-1 -1 -2 -2.0 0.5365539929472791
-1 -1 -2 -2.0 0.021580017149645414
9 10 8 1.2122551202774048 0.029809930122113
-1 -1 -2 -2.0 0.6696145846811364
11 12 10 -0.6986551880836487 0.014681721626779588
-1 -1 -2 -2.0 0.16934673399198819
-1 -1 -2 -2.0 -0.3139218504176783
15
1 8 7 0.5367147624492645 0.00043977166410624237
2 5 7 0.42552947998046875 -0.0017925039380963861
3 4 10 0.6715751886367798 -0.0010536312646260444
-1 -1 -2 -2.0 0.030639186526903887
-1 -1 -2 -2.0 -0.15500216438105366
6 7 6 1.8689976930618286 -0.015159200902485142
-1 -1 -2 -2.0 -0.18377326250290624
-1 -1 -2 -2.0 -0.779623049904628
9 12 9 0.35591763257980347 0.005823584776344474
10 11 9 -0.7448337376117706 0.008906024617192565
-1 -1 -2 -2.0 -0.01764577320658179
-1 -1 -2 -2.0 0.16136551479869457
13 14 7 0.9209076464176178 -0.00823284210765287
-1 -1 -2 -2.0 0.08149836826379114
-1 -1 -2 -2.0 -0.24118156310152067
-1.3760135764663333
0.1 32
15
1 8 7 0.6166686415672302 0.0004785714285743721
2 5 6 -0.5718905031681061 -0.06983429661938752
3 4 5 0.8478785753250122 -0.12026940876022789
-1 -1 -2 -2.0 -0.5724314189251088
-1 -1 -2 -2.0 -0.9219870857822002
6 7 7 0.25662975013256073 0.015707064104583755
-1 -1 -2 -2.0 -0.07799350174345991
-1 -1 -2 -2.0 0.4557500024492569
9 12 6 1.0745132565498352 0.1941028957529212
10 11 5 -0.03600972704589367 0.1121538942976492
-1 -1 -2 -2.0 1.0054530645451256
-1 -1 -2 -2.0 -0.08622482720343175
13 14 7 1.7709189057350159 0.3260655655095422
-1 -1 -2 -2.0 1.5949947310085664
-1 -1 -2 -2.0 3.0726021554003804
15
1 8 7 0.6195919811725616 -0.0007533923836352327
2 5 6 -0.5794277489185333 -0.06432569571925903
3 4 5 0.8245935142040253 -0.10945822648132744
-1 -1 -2 -2.0 -0.5211419097722274
-1 -1 -2 -2.0 -0.8898158727233489
6 7 7 0.17838048189878464 0.008271346484839454
-1 -1 -2 -2.0 -0.14066715081124634
-1 -1 -2 -2.0 0.33195109866445766
9 12 6 0.6054003238677979 0.17537595973425624
10 11 5 -0.06007826514542103 0.08006199311025262
-1 -1 -2 -2.0 0.7746594400880155
-1 -1 -2 -2.0 -0.06289263167234184
13 14 7 1.340698003768921 0.26862804067781865
-1 -1 -2 -2.0 1.0194424089751664
-1 -1 -2 -2.0 1.9827553015015094
15
1 8 6 -0.30590663850307465 -0.000595527561881048
2 5 6 -0.6096287667751312 -0.07582689400700633
3 4 5 -1.2261065542697906 -0.10856910550478087
-1 -1 -2 -2.0 0.22325783487430084
-1 -1 -2 -2.0 -0.7566841431581367
6 7 7 0.2708171606063843 -0.028433484152314316
-1 -1 -2 -2.0 -0.36076002848272315
-1 -1 -2 -2.0 0.11112405022000754
9 12 7 1.1280343532562256 0.12551106482310045
10 11 7 0.29337331652641296 0.061493538723715185
-1 -1 -2 -2.0 0.06151033187966802
-1 -1 -2 -2.0 0.5792625731199806
13 14 5 -1.2406286001205444 0.2714549697776165
-1 -1 -2 -2.0 1.7582949871621187
-1 -1 -2 -2.0 1.1347348482490403
15
1 8 7 0.6195828020572662 9.465495251815801e-05
2 5 6 -0.5272703766822815 -0.05231068812692124
3 4 7 -0.4932307302951813 -0.0857717415569494
-1 -1 -2 -2.0 -0.7503202840860066
-1 -1 -2 -2.0 -0.3950924172903398
6 7 10 0.6187423467636108 0.016077981717787532
-1 -1 -2 -2.0 0.24917060173754824
-1 -1 -2 -2.0 -0.15934350730100802
9 12 6 0.7487891912460327 0.14409010508228393
10 11 5 0.10179376602172852 0.06905506364112816
-1 -1 -2 -2.0 0.5618679237659155
-1 -1 -2 -2.0 -0.17012008604643847
13 14 7 1.5547956228256226 0.22858887172736425
-1 -1 -2 -2.0 0.8634983293054396
-1 -1 -2 -2.0 1.5116205651729557
15
1 8 7 0.4978730380535126 -0.0006793292560416588
2 5 6 -0.579428493976593 -0.05335485566947975
3 4 5 0.8478785753250122 -0.08258882760569256
-1 -1 -2 -2.0 -0.44443713162172577
-1 -1 -2 -2.0 -0.781516122957147
6 7 12 -0.6556214988231659 -0.0012836190926391084
-1 -1 -2 -2.0 0.33400743847666
-1 -1 -2 -2.0 -0.1004071252909002
9 12 6 0.6254852116107941 0.11929518173936807
10 11 6 -0.5966596901416779 0.05101526819722577
-1 -1 -2 -2.0 -0.3477924171255588
-1 -1 -2 -2.0 0.4165619928517907
13 14 7 1.3092612624168396 0.19541116021818233
-1 -1 -2 -2.0 0.6445373109943738
-1 -1 -2 -2.0 1.2245034792346552
15
1 8 6 -0.17648694664239883 -0.0010953521654063067
2 5 7 -0.059904638677835464 -0.05214936820977932
3 4 5 1.1530277729034424 -0.07573488007470335
-1 -1 -2 -2.0 -0.47046814773862
-1 -1 -2 -2.0 -0.8147966958378899
6 7 5 0.44322843849658966 -0.006212975968608807
-1 -1 -2 -2.0 0.09397071858504054
-1 -1 -2 -2.0 -0.41267376306481596
9 12 7 1.2302088141441345 0.09891717121223531
10 11 10 0.08443203940987587 0.05170112150247756
-1 -1 -2 -2.0 0.5228242877987548
-1 -1 -2 -2.0 0.09041523973348603
13 14 7 2.4877240657806396 0.220609345906447
-1 -1 -2 -2.0 0.9166904419741209
-1 -1 -2 -2.0 1.7685458029112286
15
1 8 7 0.7672290205955505 -0.0005548527830506755
2 5 6 -0.535079836845398 -0.03511546183910538
3 4 7 -0.5018859803676605 -0.0641013360226018
-1 -1 -2 -2.0 -0.6526746660351183
-1 -1 -2 -2.0 -0.31779061411482973
6 7 6 1.1749910712242126 0.016957020456966093
-1 -1 -2 -2.0 0.03133513048402294
-1 -1 -2 -2.0 0.5087620361016121
9 12 5 -0.921330988407135 0.1206331143486447
10 11 7 1.946951150894165 0.18086874729159025
-1 -1 -2 -2.0 0.6775955289852704
-1 -1 -2 -2.0 1.2723463476194714
13 14 5 -0.18937627226114273 0.0644666464577008
-1 -1 -2 -2.0 0.4948308237659309
-1 -1 -2 -2.0 0.03975333842092486
15
1 8 7 0.7721741795539856 -0.0012766077552772174
2 5 5 0.1684190109372139 -0.03243289007952339
3 4 7 0.20027624815702438 0.005421544208472995
-1 -1 -2 -2.0 -0.11496719144149331
-1 -1 -2 -2.0 0.21459501383333404
6 7 7 -0.6497291028499603 -0.06394223162398507
-1 -1 -2 -2.0 -0.7043125181186359
-1 -1 -2 -2.0 -0.363582609734483
9 12 5 -1.2406286001205444 0.10882883430010966
10 11 7 1.7935185432434082 0.19452939286448265
-1 -1 -2 -2.0 0.6883737203814985
-1 -1 -2 -2.0 1.179295806028673
13 14 5 -0.19807177782058716 0.06860087628739571
-1 -1 -2 -2.0 0.44483912695923317
-1 -1 -2 -2.0 0.022829211215142687
15
1 8 6 0.6262306571006775 -0.0006724362810047013
2 5 5 0.3175666779279709 -0.02748347959011717
3 4 7 1.134174108505249 0.00373771209513955
-1 -1 -2 -2.0 -0.04205884896904448
-1 -1 -2 -2.0 0.44941847032250254
6 7 8 0.2791283279657364 -0.05809984085137743
-1 -1 -2 -2.0 -0.6028145337217291
-1 -1 -2 -2.0 -0.26372414176207865
9 12 10 -0.26504166424274445 0.10585741075713118
10 11 6 2.8890793323516846 0.17291279689336628
-1 -1 -2 -2.0 0.6608002492985336
-1 -1 -2 -2.0 1.1004595227181497
13 14 6 1.9189450144767761 0.05178798171530456
-1 -1 -2 -2.0 0.1809126911939323
-1 -1 -2 -2.0 0.5049386806981645
15
1 8 6 0.4964463859796524 -0.0012720902119513046
2 5 7 0.017339034005999565 -0.02676678547598793
3 4 5 0.7249151766300201 -0.048518801117566505
-1 -1 -2 -2.0 -0.25415394460116464
-1 -1 -2 -2.0 -0.6059694075246073
6 7 5 0.5552538335323334 0.010634645081287837
-1 -1 -2 -2.0 0.12478505152633275
-1 -1 -2 -2.0 -0.3789265160724323
9 12 10 -0.24701303988695145 0.08949566849680607
10 11 6 2.001665234565735 0.149144110867398
-1 -1 -2 -2.0 0.5147083569640885
-1 -1 -2 -2.0 0.8314784626872803
13 14 9 0.42491383850574493 0.043183737023103845
-1 -1 -2 -2.0 0.3065970248546667
-1 -1 -2 -2.0 -0.02734383329754444
15
1 8 5 -0.1918516606092453 -0.0009389339580538374
2 5 7 1.0344817638397217 0.04716549003720471
3 4 10 0.8784504234790802 0.019446561535473
-1 -1 -2 -2.0 0.1729039771550198
-1 -1 -2 -2.0 -0.24565861211571727
6 7 9 0.35591763257980347 0.11258337504747669
-1 -1 -2 -2.0 0.5331659635097113
-1 -1 -2 -2.0 0.04565678379606365
9 12 6 -0.6112076640129089 -0.03850361085498266
10 11 12 0.7226881682872772 -0.05893768020691102
-1 -1 -2 -2.0 -0.6329446818143225
-1 -1 -2 -2.0 -0.3629815923467282
13 14 8 0.8320130109786987 -0.021229627157753936
-1 -1 -2 -2.0 -0.23326599830064257
-1 -1 -2 -2.0 0.1679980220286473
15
1 8 5 -0.19557825475931168 -0.0008139446341725035
2 5 7 1.193463385105133 0.04317082105250737
3 4 10 0.7578781247138977 0.020397839798619963
-1 -1 -2 -2.0 0.1809953432352834
-1 -1 -2 -2.0 -0.2171616304766973
6 7 7 2.581419825553894 0.11620648866651241
-1 -1 -2 -2.0 0.4486033726061611
-1 -1 -2 -2.0 1.106631651889906
9 12 6 -0.6111914813518524 -0.03499652511184083
10 11 8 0.2225193753838539 -0.05360228248176438
-1 -1 -2 -2.0 -0.6291346211862434
-1 -1 -2 -2.0 -0.3273300115433911
13 14 10 0.8611624240875244 -0.018375298390059268
-1 -1 -2 -2.0 -0.06056100561275069
-1 -1 -2 -2.0 -0.42818770759748687
15
1 8 5 -0.1943342313170433 -0.0021723114079313056
2 5 7 1.5740317106246948 0.03799740391473655
3 4 9 0.698519766330719 0.02336622982466053
-1 -1 -2 -2.0 0.19798042571936686
-1 -1 -2 -2.0 -0.15104044442380127
6 7 5 -1.3399076461791992 0.13330204382099928
-1 -1 -2 -2.0 0.7290569982139804
-1 -1 -2 -2.0 0.41866853884828303
9 12 7 -0.49306362867355347 -0.03314620686826118
10 11 7 -1.4452918767929077 -0.047809910584690404
-1 -1 -2 -2.0 -0.6494096388622363
-1 -1 -2 -2.0 -0.44734518635547543
13 14 8 0.8320130109786987 -0.018880678993968777
-1 -1 -2 -2.0 -0.2117703801827485
-1 -1 -2 -2.0 0.0758276897382255
15
1 8 7 0.28925102949142456 0.00012479657437218847
2 5 5 -1.1517457365989685 -0.026058632744837242
3 4 12 -0.6729226410388947 0.02990568013793037
-1 -1 -2 -2.0 0.42567665158364604
-1 -1 -2 -2.0 0.04425170677806324
6 7 7 -0.49384863674640656 -0.030338745705839526
-1 -1 -2 -2.0 -0.4307119348569341
-1 -1 -2 -2.0 -0.128499059959058
9 12 7 1.3409808278083801 0.043050377184828334
10 11 5 -1.3163040280342102 0.02373041185676599
-1 -1 -2 -2.0 0.34491348715892584
-1 -1 -2 -2.0 0.0681726861488614
13 14 6 2.294707775115967 0.09995546399386196
-1 -1 -2 -2.0 0.3259995478402738
-1 -1 -2 -2.0 0.6502485085565024
15
1 8 7 0.495266854763031 0.0004915222756069336
2 5 7 -0.2761286199092865 -0.019342842793364432
3 4 5 -1.575613558292389 -0.03325663448260797
-1 -1 -2 -2.0 0.3725693693604145
-1 -1 -2 -2.0 -0.3469473520510951
6 7 12 -0.8715817630290985 -0.0001639497104249862
-1 -1 -2 -2.0 0.3679051453027201
-1 -1 -2 -2.0 -0.04349093050403375
9 12 5 -1.2113265991210938 0.04547231778867601
10 11 10 -0.6657876372337341 0.09053882545005312
-1 -1 -2 -2.0 0.6431551902107382
-1 -1 -2 -2.0 0.2915285714904786
13 14 5 0.10091600194573402 0.026623990928444544
-1 -1 -2 -2.0 0.18075443302805536
-1 -1 -2 -2.0 -0.12549289508233127
15
1 8 6 -0.432324543595314 -0.0028367529363949673
2 5 6 -0.6111433207988739 -0.02448337603825751
3 4 5 -1.2261065542697906 -0.037000389837515225
-1 -1 -2 -2.0 0.3738386270773884
-1 -1 -2 -2.0 -0.44399109896957806
6 7 10 0.5717814862728119 -0.01138522637646901
-1 -1 -2 -2.0 0.008158665730186662
-1 -1 -2 -2.0 -0.2813164511558128
9 12 10 -0.009541033767163754 0.027437663474159962
10 11 6 1.7214208841323853 0.06130011241366747
-1 -1 -2 -2.0 0.21133945051645744
-1 -1 -2 -2.0 0.4285866027889033
13 14 10 1.2347586154937744 -0.005758427984689808
-1 -1 -2 -2.0 -0.00011647751566442033
-1 -1 -2 -2.0 -0.3895544496362004
15
1 8 5 -0.452343687415123 -0.0005245007304246169
2 5 10 -0.2512742280960083 0.032698189703353725
3 4 11 -1.1924933195114136 0.06837377223018615
-1 -1 -2 -2.0 0.08130697104165757
-1 -1 -2 -2.0 0.3447398406613167
6 7 12 -1.7483588457107544 0.010090697625604831
-1 -1 -2 -2.0 1.0020818705015688
-1 -1 -2 -2.0 0.04115394282892383
9 12 6 -0.6096526086330414 -0.018856673635769167
10 11 8 -0.6019839346408844 -0.03139577425052309
-1 -1 -2 -2.0 -0.5098280533757743
-1 -1 -2 -2.0 -0.26851619001362226
13 14 10 0.5422021746635437 -0.003292912938307631
-1 -1 -2 -2.0 0.06931580533075302
-1 -1 -2 -2.0 -0.24417788686800904
15
1 8 7 0.17040680348873138 -0.00042505169264272965
2 5 12 -1.9833109974861145 -0.019261626284015274
3 4 9 -0.2892126068472862 0.01826463040670858
-1 -1 -2 -2.0 0.061305540135792626
-1 -1 -2 -2.0 1.1172729928169383
6 7 7 -0.23600168526172638 -0.022516279877030462
-1 -1 -2 -2.0 -0.31631016696157666
-1 -1 -2 -2.0 -0.03839210998676229
9 12 5 -1.2406286001205444 0.02539294637231547
10 11 9 0.2799775302410126 0.06409349640743717
-1 -1 -2 -2.0 0.36430242358481235
-1 -1 -2 -2.0 -0.027822816474353074
13 14 11 0.4314766526222229 0.012604362342506708
-1 -1 -2 -2.0 0.15445368360863368
-1 -1 -2 -2.0 -0.06727524285645971
15
1 8 5 -0.07291170209646225 -0.00037628335284413676
2 5 7 1.5447388887405396 0.021949946038911053
3 4 9 0.698519766330719 0.012851632420520847
-1 -1 -2 -2.0 0.1232232333003101
-1 -1 -2 -2.0 -0.13466553564481004
6 7 7 2.9531980752944946 0.08177109931095644
-1 -1 -2 -2.0 0.31660844302301117
-1 -1 -2 -2.0 1.1541812358719223
9 12 8 0.8320130109786987 -0.020624862107076126
10 11 9 0.10042768344283104 -0.02431323766535441
-1 -1 -2 -2.0 -0.32671221141657586
-1 -1 -2 -2.0 -0.17047760062380404
13 14 12 0.5382381677627563 0.007694537746789835
-1 -1 -2 -2.0 -0.2612023635251924
-1 -1 -2 -2.0 0.2206381565906664
15
1 8 6 -0.5794267952442169 0.00011500102644657521
2 5 6 -0.6112132370471954 -0.020160241536631714
3 4 12 -4.8129518032073975 -0.029818050694588233
-1 -1 -2 -2.0 0.20184329486481545
-1 -1 -2 -2.0 -0.39929974949310265
6 7 12 1.0382928252220154 -0.007760019419472742
-1 -1 -2 -2.0 -0.08189555894589493
-1 -1 -2 -2.0 1.4783818886271052
9 12 10 -0.246813602745533 0.01926274614191772
10 11 7 2.48548686504364 0.05134783218471758
-1 -1 -2 -2.0 0.21421277093754654
-1 -1 -2 -2.0 0.6315846806860741
13 14 12 0.8195923268795013 0.0035810973146974934
-1 -1 -2 -2.0 0.06530236888874189
-1 -1 -2 -2.0 -0.16772826861734033
15
1 8 5 -1.4801105856895447 -0.001347387796868734
2 5 9 0.35591763257980347 0.057550138057912384
3 4 7 2.159592390060425 0.07601166108391691
-1 -1 -2 -2.0 0.29800086310143525
-1 -1 -2 -2.0 0.7322505918534501
6 7 7 1.3528416156768799 0.0009626935419473187
-1 -1 -2 -2.0 0.07409081369985014
-1 -1 -2 -2.0 -0.6388068750922268
9 12 6 -0.6055093705654144 -0.006608386838363009
10 11 12 0.7064466178417206 -0.021259312658180984
-1 -1 -2 -2.0 -0.30178092540548374
-1 -1 -2 -2.0 -0.07010031083923988
13 14 10 0.23675639182329178 0.005065161482897382
-1 -1 -2 -2.0 0.10792499845401048
-1 -1 -2 -2.0 -0.10757853232849925
15
1 8 7 -0.05995403788983822 -0.0003929393493236573
2 5 12 -1.7558076977729797 -0.016551852753731576
3 4 6 -0.6083403527736664 0.009367792079128837
-1 -1 -2 -2.0 -0.11320345445984019
-1 -1 -2 -2.0 0.34766400042009715
6 7 10 1.8820964097976685 -0.019927749800711374
-1 -1 -2 -2.0 -0.19511242207148052
-1 -1 -2 -2.0 -0.7406445194003973
9 12 5 -1.2113265991210938 0.014982129356905993
10 11 9 0.42491383850574493 0.042499939867704326
-1 -1 -2 -2.0 0.254713226468867
-1 -1 -2 -2.0 -0.09887305092591891
13 14 11 0.35106705129146576 0.006671850465804847
-1 -1 -2 -2.0 0.10352576922076674
-1 -1 -2 -2.0 -0.054824278540687686
15
1 8 5 -0.1918516606092453 0.0005293484794113773
2 5 10 0.1956949308514595 0.0184046920600766
3 4 9 0.5464677512645721 0.0325894683438903
-1 -1 -2 -2.0 0.18443975464224616
-1 -1 -2 -2.0 -0.05697356685329315
6 7 10 1.6725168228149414 -0.004394213133965165
-1 -1 -2 -2.0 -0.0053342031644903
-1 -1 -2 -2.0 -0.6760620026064036
9 12 6 -0.6112076640129089 -0.013342251935623701
10 11 12 0.7289672195911407 -0.02276842252217854
-1 -1 -2 -2.0 -0.37541949153152265
-1 -1 -2 -2.0 -0.08420270293039281
13 14 11 0.3057885318994522 -0.005262740596982196
-1 -1 -2 -2.0 0.027035440531352265
-1 -1 -2 -2.0 -0.15158803462107848
15
1 8 5 -1.2113265991210938 0.00037364831839099616
2 5 7 2.3109065294265747 0.03592861578464069
3 4 9 0.42491383850574493 0.03016372633995193
-1 -1 -2 -2.0 0.1817611054743168
-1 -1 -2 -2.0 -0.0003800041759681294
6 7 9 -0.4825250655412674 0.14073474764306848
-1 -1 -2 -2.0 0.7572973028205205
-1 -1 -2 -2.0 0.2436876064853118
9 12 6 -0.6111406981945038 -0.005560477411289732
10 11 12 0.7414649128913879 -0.020307980574498275
-1 -1 -2 -2.0 -0.32897340009265347
-1 -1 -2 -2.0 -0.052109049924924204
13 14 10 0.6581049263477325 0.002133123878714757
-1 -1 -2 -2.0 0.055202961716439014
-1 -1 -2 -2.0 -0.15481466407153183
15
1 8 5 -0.921330988407135 -0.0014699519262829132
2 5 9 0.42491383850574493 0.02177487862408232
3 4 7 2.9545263051986694 0.033586109399128476
-1 -1 -2 -2.0 0.14098379754159218
-1 -1 -2 -2.0 1.1634363434626724
6 7 12 -1.3094520568847656 -0.012329782288983127
-1 -1 -2 -2.0 0.5629386656791961
-1 -1 -2 -2.0 -0.09442652485545416
9 12 7 -0.7447880208492279 -0.00780622413789966
10 11 12 0.38442452251911163 -0.023123385186309974
-1 -1 -2 -2.0 -0.24913083669711633
-1 -1 -2 -2.0 -0.47695735568729836
13 14 0 -1.154951274394989 -0.0014582418134054434
-1 -1 -2 -2.0 0.1529640991733844
-1 -1 -2 -2.0 -0.0447549766160718
15
1 8 7 0.9857293367385864 -0.0013779124191028484
2 5 9 -0.7448337376117706 -0.007485728156322279
3 4 12 -2.5991863012313843 -0.01999986206950158
-1 -1 -2 -2.0 0.08508839879402688
-1 -1 -2 -2.0 -0.2074664425516488
6 7 12 -1.6667060852050781 -0.0017805441819855722
-1 -1 -2 -2.0 0.4660523057326278
-1 -1 -2 -2.0 -0.026949413643851745
9 12 10 0.04678020253777504 0.029267224788351306
10 11 12 0.48114602267742157 0.03660343266108247
-1 -1 -2 -2.0 0.07173023391885681
-1 -1 -2 -2.0 0.27665133520928775
13 14 11 0.4834868013858795 -0.03312051029927752
-1 -1 -2 -2.0 -0.5206672962430147
-1 -1 -2 -2.0 -0.0266385477826191
15
1 8 5 -1.2933384776115417 -0.0011564936235913409
2 5 12 0.22813573479652405 0.03106546825660143
3 4 6 1.9039125442504883 0.0523744718790434
-1 -1 -2 -2.0 0.1579412193653418
-1 -1 -2 -2.0 0.3669483339261973
6 7 11 0.3188228905200958 0.012065722295446361
-1 -1 -2 -2.0 -0.10192589721175631
-1 -1 -2 -2.0 0.1908057025145867
9 12 0 -1.154951274394989 -0.005662489334968526
10 11 9 0.8250555396080017 0.014064833703611132
-1 -1 -2 -2.0 0.15442098870108492
-1 -1 -2 -2.0 -0.13977827493159103
13 14 7 -0.46700870990753174 -0.009483105233670476
-1 -1 -2 -2.0 -0.26559395289056825
-1 -1 -2 -2.0 -0.018384505261920283
15
1 8 5 -1.2709773778915405 0.00025229632698739126
2 5 9 0.42491383850574493 0.028524968621904442
3 4 9 -0.7448337376117706 0.041367749231187724
-1 -1 -2 -2.0 0.07757120642060612
-1 -1 -2 -2.0 0.2712432868078688
6 7 12 0.7839419841766357 -0.011830478294920755
-1 -1 -2 -2.0 -0.16225247334214118
-1 -1 -2 -2.0 0.31221425154368004
9 12 6 -0.6111127734184265 -0.003932916060816046
10 11 9 0.10042768344283104 -0.014946971817949645
-1 -1 -2 -2.0 -0.3109269632216819
-1 -1 -2 -2.0 -0.07730815370471925
13 14 9 0.93342524766922 0.0018267883472842651
-1 -1 -2 -2.0 0.041757454712632064
-1 -1 -2 -2.0 -0.14484038175906078
15
1 8 7 1.704496681690216 0.00115782304565127
2 5 9 -0.7448337376117706 -0.0011786553902994865
3 4 12 -1.9671542048454285 -0.015608414599007372
-1 -1 -2 -2.0 0.06690957137184995
-1 -1 -2 -2.0 -0.15116020624899645
6 7 7 -0.31685028970241547 0.005502012055051645
-1 -1 -2 -2.0 -0.10879550156133155
-1 -1 -2 -2.0 0.08213621735044943
9 12 12 0.385932132601738 0.045644559759014706
10 11 6 2.0670480728149414 0.012315767736847349
-1 -1 -2 -2.0 -0.09680998446072618
-1 -1 -2 -2.0 0.24077133407174736
13 14 12 0.9761210083961487 0.07443821732779214
-1 -1 -2 -2.0 0.3740461767479027
-1 -1 -2 -2.0 -0.25802701309783616
15
1 8 7 2.144242525100708 -0.0007612189716311874
2 5 0 -1.154951274394989 -0.0020062261815746055
3 4 11 1.6767135262489319 0.015960917098371594
-1 -1 -2 -2.0 0.08867956743538509
-1 -1 -2 -2.0 0.45961995600421685
6 7 9 -0.7448337376117706 -0.005580323518225767
-1 -1 -2 -2.0 -0.12691364977409547
-1 -1 -2 -2.0 -0.000800950247145835
9 12 6 1.396472990512848 0.06216940319695176
10 11 12 0.2928615063428879 -0.010902337685936993
-1 -1 -2 -2.0 -0.3242471896759444
-1 -1 -2 -2.0 0.19251174447755315
13 14 8 2.152807831764221 0.08984022487138586
-1 -1 -2 -2.0 0.312076167036858
-1 -1 -2 -2.0 0.8310443932212809
13
1 6 5 -1.485775113105774 -0.00024159889750542243
2 5 8 2.0356128215789795 0.030329762032793313
3 4 11 0.16704078018665314 0.026059039469103058
-1 -1 -2 -2.0 0.04030930081876195
-1 -1 -2 -2.0 0.22245935237567416
-1 -1 -2 -2.0 0.7756675808200167
7 10 8 0.9410022497177124 -0.00290462266570367
8 9 10 1.2330900430679321 -0.005888179462788704
-1 -1 -2 -2.0 -0.029473450734989318
-1 -1 -2 -2.0 -0.2794105319401636
11 12 11 0.4367665797472 0.013954229721377349
-1 -1 -2 -2.0 0.1662128811281717
-1 -1 -2 -2.0 -0.021595352612420123
15
1 8 5 0.2670973390340805 -0.0005876191295357412
2 5 9 0.698519766330719 0.0060655841801108236
3 4 9 -0.7448337376117706 0.01255242225366866
-1 -1 -2 -2.0 -0.008605111842932141
-1 -1 -2 -2.0 0.1119904661617248
6 7 7 0.3811941295862198 -0.015606399127615356
-1 -1 -2 -2.0 -0.05092951188547027
-1 -1 -2 -2.0 -0.2309925551870189
9 12 12 0.33898231387138367 -0.009903016254494128
10 11 7 0.19484268128871918 -0.01679964639028517
-1 -1 -2 -2.0 -0.17550477836434553
-1 -1 -2 -2.0 -0.40352264773993496
13 14 8 -0.15082873404026031 -0.0020370615895262444
-1 -1 -2 -2.0 -0.3690472080364732
-1 -1 -2 -2.0 0.0710692177396567
-0.1227137605996961
0.1 32
15
1 8 6 -0.5276991724967957 5.4285714258486604e-05
2 5 6 -0.6111403107643127 -0.17968043725221614
3 4 5 1.2971587777137756 -0.2575052609564108
-1 -1 -2 -2.0 -0.9045370003663118
-1 -1 -2 -2.0 -1.255849055064233
6 7 8 0.33175867795944214 -0.07914754758692193
-1 -1 -2 -2.0 -0.5308891621815004
-1 -1 -2 -2.0 0.036393954671107176
9 12 7 0.5266897976398468 0.20535538744027593
10 11 10 0.749296247959137 0.07572835758833454
-1 -1 -2 -2.0 0.5067343765334026
-1 -1 -2 -2.0 -0.12695187573278463
13 14 6 0.5436037480831146 0.3207927424206902
-1 -1 -2 -2.0 0.9535599699982263
-1 -1 -2 -2.0 1.5165866922607298
15
1 8 6 -0.4454653710126877 -0.00014242102355578856
2 5 6 -0.6109612584114075 -0.14888689807323702
3 4 5 1.2762776017189026 -0.22760361680487026
-1 -1 -2 -2.0 -0.7923626010960005
-1 -1 -2 -2.0 -1.155283665491571
6 7 7 0.02447313256561756 -0.04739574965414503
-1 -1 -2 -2.0 -0.4499901710972881
-1 -1 -2 -2.0 0.10964871155267916
9 12 7 0.2875799536705017 0.20224497369272865
10 11 10 0.9531778693199158 0.04601891001833091
-1 -1 -2 -2.0 0.32563217762898833
-1 -1 -2 -2.0 -0.2261988438004542
13 14 7 1.0258261561393738 0.27901048403323314
-1 -1 -2 -2.0 0.8657156185597994
-1 -1 -2 -2.0 1.3855458477654028
15
1 8 6 -0.5690703988075256 -0.0005510313775001278
2 5 6 -0.611176460981369 -0.15769887574495717
3 4 12 0.7220266461372375 -0.21401862150229353
-1 -1 -2 -2.0 -0.9449966111193789
-1 -1 -2 -2.0 -0.5563912023501436
6 7 7 -0.36680731177330017 -0.07782744977299584
-1 -1 -2 -2.0 -0.6029849689984629
-1 -1 -2 -2.0 -0.15581039573744565
9 12 7 0.31514549255371094 0.15481104203115836
10 11 10 1.184421956539154 0.022721966152686544
-1 -1 -2 -2.0 0.18115212203292885
-1 -1 -2 -2.0 -0.42442738891782755
13 14 6 1.0477840304374695 0.23703565460268086
-1 -1 -2 -2.0 0.7390484327243372
-1 -1 -2 -2.0 1.27934744739209
15
1 8 6 -0.4085380285978317 0.00038917535645699
2 5 7 -0.31774093210697174 -0.11758504155220158
3 4 5 0.9843326210975647 -0.17850968998619104
-1 -1 -2 -2.0 -0.5785508568325798
-1 -1 -2 -2.0 -0.9167750999014491
6 7 5 0.5725686848163605 -0.03133515916790464
-1 -1 -2 -2.0 0.03450439576404222
-1 -1 -2 -2.0 -0.461218164023323
9 12 7 0.8366187512874603 0.1718715018620299
10 11 7 0.12857584655284882 0.09712539637015162
-1 -1 -2 -2.0 0.10275775614197864
-1 -1 -2 -2.0 0.5986428278836061
13 14 6 0.6103062033653259 0.2776473966818136
-1 -1 -2 -2.0 0.8303801839537428
-1 -1 -2 -2.0 1.2749917443999612
15
1 8 6 -0.5690607130527496 0.0001393610494398978
2 5 7 -0.6673329770565033 -0.12768968131286168
3 4 12 -3.264290452003479 -0.18412798940365685
-1 -1 -2 -2.0 -0.0832159573137613
-1 -1 -2 -2.0 -0.8163453901694009
6 7 12 0.7456353604793549 -0.07325487432635197
-1 -1 -2 -2.0 -0.40157850684468116
-1 -1 -2 -2.0 0.06537939773539217
9 12 7 0.604430764913559 0.1269788343224722
10 11 10 0.6892890930175781 0.04331001675802706
-1 -1 -2 -2.0 0.33379286065872554
-1 -1 -2 -2.0 -0.14876157116412256
13 14 5 -0.47279806435108185 0.22066206634442367
-1 -1 -2 -2.0 1.0284016649359213
-1 -1 -2 -2.0 0.5255356277413273
15
1 8 6 -0.4013359248638153 -0.0002869845236278471
2 5 6 -0.6109018325805664 -0.09499759798375776
3 4 8 0.12867563590407372 -0.15088822089738158
-1 -1 -2 -2.0 -0.7491787283226718
-1 -1 -2 -2.0 -0.39419209213750583
6 7 8 0.5875996351242065 -0.02511016087064625
-1 -1 -2 -2.0 -0.24371346566595112
-1 -1 -2 -2.0 0.2759871604240225
9 12 7 0.8010728359222412 0.13886401767147086
10 11 7 0.16246192902326584 0.07341162312399167
-1 -1 -2 -2.0 0.06371949699111228
-1 -1 -2 -2.0 0.49601540384777076
13 14 5 -1.2031369805335999 0.22451178053657145
-1 -1 -2 -2.0 1.1704473889701803
-1 -1 -2 -2.0 0.7868708433862298
15
1 8 6 -0.48733125627040863 -0.0011826619718893286
2 5 7 -0.3669666051864624 -0.09361301439095164
3 4 12 -3.262023448944092 -0.13765356444201896
-1 -1 -2 -2.0 0.06664584198112065
-1 -1 -2 -2.0 -0.6250138122486811
6 7 8 0.7779712975025177 -0.03134361533761113
-1 -1 -2 -2.0 -0.24190352330474685
-1 -1 -2 -2.0 0.205824922115534
9 12 7 0.28859253227710724 0.11493250275118755
10 11 9 1.5748659372329712 0.019260340336972305
-1 -1 -2 -2.0 0.15404976993250197
-1 -1 -2 -2.0 -0.4105708234641914
13 14 7 1.3853207230567932 0.1636154049659569
-1 -1 -2 -2.0 0.5452820514065011
-1 -1 -2 -2.0 1.0675045047502143
15
1 8 6 -0.3008347302675247 0.0019058123563768163
2 5 6 -0.611169695854187 -0.07180586130797696
3 4 12 0.7138088345527649 -0.1302828073590044
-1 -1 -2 -2.0 -0.6432753335208852
-1 -1 -2 -2.0 -0.30268782619899454
6 7 10 0.7433165907859802 -0.02007943912223034
-1 -1 -2 -2.0 0.03497944356314317
-1 -1 -2 -2.0 -0.408372853675883
9 12 10 0.21480481326580048 0.12612337097959014
10 11 7 0.9724536538124084 0.17115249986213857
-1 -1 -2 -2.0 0.5085089356598449
-1 -1 -2 -2.0 0.9391664113935182
13 14 7 -0.13064166903495789 0.044412663882984406
-1 -1 -2 -2.0 -0.0980654959858043
-1 -1 -2 -2.0 0.2809444828049083
15
1 8 7 0.1424735262989998 -0.0009171345478527093
2 5 5 0.5417708456516266 -0.0749532600907858
3 4 5 -0.7789401710033417 -0.02837212931493257
-1 -1 -2 -2.0 0.1524428356964073
-1 -1 -2 -2.0 -0.20700289376065942
6 7 7 -1.3242236971855164 -0.11792006447223924
-1 -1 -2 -2.0 -0.8415785316053598
-1 -1 -2 -2.0 -0.4307130386702048
9 12 5 -0.3214869499206543 0.09533980296592053
10 11 7 1.3157609105110168 0.1415534427406493
-1 -1 -2 -2.0 0.4859674766477401
-1 -1 -2 -2.0 0.9448073569731876
13 14 12 0.768894374370575 0.012048866381133326
-1 -1 -2 -2.0 -0.04935838002879748
-1 -1 -2 -2.0 0.43427661283615043
15
1 8 6 -0.49638864398002625 -0.0017772731230879272
2 5 6 -0.6109683811664581 -0.07199403533601445
3 4 12 0.7213238477706909 -0.1064032791320898
-1 -1 -2 -2.0 -0.5570424324539078
-1 -1 -2 -2.0 -0.19033332404091205
6 7 8 1.1466861963272095 -0.023121317759639843
-1 -1 -2 -2.0 -0.14401085610643855
-1 -1 -2 -2.0 0.48533203671258424
9 12 10 0.28587706387043 0.08553347427569899
10 11 6 1.183559536933899 0.12522325639210358
-1 -1 -2 -2.0 0.4018539181452288
-1 -1 -2 -2.0 0.8654363322685897
13 14 10 1.3441556096076965 0.010905839093458682
-1 -1 -2 -2.0 0.10161066647777184
-1 -1 -2 -2.0 -0.4401879526995882
15
1 8 5 0.01017380552366376 0.00033110939380313767
2 5 7 0.16958466172218323 0.07143072276880827
3 4 5 -0.8925745785236359 0.00040953061655323383
-1 -1 -2 -2.0 0.2150858439359017
-1 -1 -2 -2.0 -0.10346639499517915
6 7 10 0.20620492845773697 0.10784830541656658
-1 -1 -2 -2.0 0.5845558753806549
-1 -1 -2 -2.0 0.19359554058462655
9 12 8 0.09458652511239052 -0.07078475717890771
10 11 6 -0.6112128794193268 -0.10242561920419894
-1 -1 -2 -2.0 -0.6120249503231897
-1 -1 -2 -2.0 -0.2863253233765116
13 14 12 0.746119886636734 -0.0210361589001153
-1 -1 -2 -2.0 -0.224342047221642
-1 -1 -2 -2.0 0.16635236871577294
15
1 8 7 -0.02398457285016775 0.0005741867830718843
2 5 7 -0.7997478246688843 -0.06342050462609147
3 4 5 -0.6998737454414368 -0.09862111954684849
-1 -1 -2 -2.0 0.06209396511310972
-1 -1 -2 -2.0 -0.5188905638811919
6 7 12 -1.6767838597297668 -0.03489354452628832
-1 -1 -2 -2.0 0.5479323846072534
-1 -1 -2 -2.0 -0.18085542071981897
9 12 5 -0.78639355301857 0.06452501115826229
10 11 7 1.3157609105110168 0.12226732186592977
-1 -1 -2 -2.0 0.4230623365649319
-1 -1 -2 -2.0 0.924332312273365
13 14 5 0.558335155248642 0.02419922666839542
-1 -1 -2 -2.0 0.16946892059226853
-1 -1 -2 -2.0 -0.23894819123497715
15
1 8 7 0.009843068197369576 -0.0016421853808956484
2 5 5 0.9877413809299469 -0.05919556558385501
3 4 5 -0.8925745785236359 -0.03715108608553184
-1 -1 -2 -2.0 0.14819812719222064
-1 -1 -2 -2.0 -0.20886557403888945
6 7 7 -1.3445377945899963 -0.09971848028168309
-1 -1 -2 -2.0 -0.7578616088096832
-1 -1 -2 -2.0 -0.3844388482353976
9 12 5 -0.48146823048591614 0.05930714389660539
10 11 10 -0.03595123812556267 0.09916249983933564
-1 -1 -2 -2.0 0.6384536084654502
-1 -1 -2 -2.0 0.2566214588046722
13 14 8 0.8188634812831879 0.01010811035626318
-1 -1 -2 -2.0 -0.0721968445155882
-1 -1 -2 -2.0 0.2816371234059293
15
1 8 5 -0.18937627226114273 0.0013883177638935411
2 5 7 0.9216297268867493 0.06191060397701572
3 4 9 1.3968921303749084 0.034118375739591325
-1 -1 -2 -2.0 0.19157920690857333
-1 -1 -2 -2.0 -0.23567711135390415
6 7 5 -1.2072219252586365 0.1148547065413775
-1 -1 -2 -2.0 0.8285041374908736
-1 -1 -2 -2.0 0.431293196406037
9 12 7 -0.7997055351734161 -0.04572284118236387
10 11 5 1.8436460494995117 -0.0921348134336485
-1 -1 -2 -2.0 -0.4240822900693691
-1 -1 -2 -2.0 -0.8694398943580014
13 14 12 0.6976747810840607 -0.02030884662612037
-1 -1 -2 -2.0 -0.1635547383681281
-1 -1 -2 -2.0 0.11544824367379755
15
1 8 5 0.17568806558847427 0.0011196403455618444
2 5 7 0.7937273681163788 0.043804732908132915
3 4 9 1.449725091457367 0.01624209330150375
-1 -1 -2 -2.0 0.11198420611459409
-1 -1 -2 -2.0 -0.27586705360007396
6 7 8 1.257921814918518 0.09508425149191518
-1 -1 -2 -2.0 0.3755625030574928
-1 -1 -2 -2.0 0.7183336409896579
9 12 8 0.0588716845959425 -0.05192628334780312
10 11 10 -0.24289674311876297 -0.07554922814917597
-1 -1 -2 -2.0 -0.5307022875463854
-1 -1 -2 -2.0 -0.2813197741422495
13 14 12 0.7457568645477295 -0.01540898727308773
-1 -1 -2 -2.0 -0.1876082411297341
-1 -1 -2 -2.0 0.16389248382189134
15
1 8 7 0.1291363388299942 0.0006961358997745365
2 5 5 0.9874320328235626 -0.04084220095697625
3 4 10 1.3802184462547302 -0.022116220905798817
-1 -1 -2 -2.0 -0.05536191862501072
-1 -1 -2 -2.0 -0.46579468948870106
6 7 9 0.35591763257980347 -0.07871553905150855
-1 -1 -2 -2.0 -0.520370346485907
-1 -1 -2 -2.0 -0.24498434877566513
9 12 5 -0.6678047478199005 0.053218019014314416
10 11 7 1.6782698035240173 0.08629664485598543
-1 -1 -2 -2.0 0.34559494629461274
-1 -1 -2 -2.0 0.8918605363702105
13 14 11 0.23637060075998306 0.02143811633616108
-1 -1 -2 -2.0 0.22818527722768794
-1 -1 -2 -2.0 -0.04008065427171113
15
1 8 6 -0.5985557436943054 -0.0009947122007387056
2 5 5 1.3331279158592224 -0.04824550380505759
3 4 12 0.291524738073349 -0.036539075022550604
-1 -1 -2 -2.0 -0.28490769222380624
-1 -1 -2 -2.0 -0.03044826837386897
6 7 12 0.9906819760799408 -0.08697601946740384
-1 -1 -2 -2.0 -0.5061051057626227
-1 -1 -2 -2.0 0.7264004463844427
9 12 10 0.4570530951023102 0.036637609994210334
10 11 5 -1.2491896748542786 0.05999943918964264
-1 -1 -2 -2.0 0.5555772742323933
-1 -1 -2 -2.0 0.19996433103632738
13 14 12 0.35027608275413513 -0.01959460089335267
-1 -1 -2 -2.0 0.0809035452171334
-1 -1 -2 -2.0 -0.18856663347809766
15
1 8 7 -0.39417751133441925 0.00019869174849772623
2 5 12 -1.5803231596946716 -0.05159989839214518
3 4 7 -1.0311488509178162 -0.00758813408611601
-1 -1 -2 -2.0 -0.12031144905909834
-1 -1 -2 -2.0 0.3159441011465709
6 7 10 -0.08175631985068321 -0.060653698425321166
-1 -1 -2 -2.0 -0.5351345000666052
-1 -1 -2 -2.0 -0.22700811170532484
9 12 5 -0.903960645198822 0.028877325219996343
10 11 7 1.3431316018104553 0.07572979720754863
-1 -1 -2 -2.0 0.2711194668896261
-1 -1 -2 -2.0 0.7648298102346427
13 14 8 0.9181153178215027 0.007707429876023419
-1 -1 -2 -2.0 -0.02893011442028292
-1 -1 -2 -2.0 0.2714501675177583
15
1 8 5 0.007237254176288843 0.002191255846938866
2 5 7 0.6252480447292328 0.03702663792784736
3 4 9 1.5748659372329712 0.010952271998487102
-1 -1 -2 -2.0 0.07872849625749025
-1 -1 -2 -2.0 -0.2669588277795125
6 7 8 0.8188634812831879 0.0692629474953995
-1 -1 -2 -2.0 0.2167815402549677
-1 -1 -2 -2.0 0.513654399621735
9 12 7 -1.0051910281181335 -0.03278374700383137
10 11 5 1.8439284563064575 -0.06887155396359503
-1 -1 -2 -2.0 -0.34073299515918937
-1 -1 -2 -2.0 -0.7506473915526929
13 14 12 1.0329238772392273 -0.017962984152013882
-1 -1 -2 -2.0 -0.08860368273667134
-1 -1 -2 -2.0 1.0233589692746383
15
1 8 5 0.44440166652202606 -0.00035349114449823916
2 5 10 0.6176933646202087 0.023460923604135344
3 4 6 1.1892579793930054 0.037238299279640764
-1 -1 -2 -2.0 0.11243633606332366
-1 -1 -2 -2.0 0.45996715280971706
6 7 12 0.8339532911777496 -0.02415892948514013
-1 -1 -2 -2.0 -0.033643521874823834
-1 -1 -2 -2.0 -0.3921645117597691
9 12 12 0.9972863495349884 -0.04215643645901456
10 11 9 -0.2892126068472862 -0.04494921030275009
-1 -1 -2 -2.0 -0.3339325911360662
-1 -1 -2 -2.0 -0.13664167233178082
13 14 8 0.3059055209159851 0.13067063994512546
-1 -1 -2 -2.0 0.18992924257919977
-1 -1 -2 -2.0 0.8563412788459867
15
1 8 6 0.21678148955106735 0.00019120308907546695
2 5 8 -0.01811275538057089 -0.017221601669164432
3 4 12 0.7690127789974213 -0.03963981714521039
-1 -1 -2 -2.0 -0.168259704696453
-1 -1 -2 -2.0 -0.4978552060714267
6 7 11 0.22831208258867264 0.007016189003047771
-1 -1 -2 -2.0 0.2017856708483297
-1 -1 -2 -2.0 -0.10258242642885348
9 12 10 -0.03598669171333313 0.0489867814420151
10 11 7 1.8318270444869995 0.07129493300436421
-1 -1 -2 -2.0 0.3302957636929293
-1 -1 -2 -2.0 0.7886519339217533
13 14 12 1.0091272592544556 0.02198020314571009
-1 -1 -2 -2.0 0.08427681834776482
-1 -1 -2 -2.0 0.8492473001551006
15
1 8 7 -0.2600913792848587 0.000788950358833662
2 5 10 1.3457224369049072 -0.03301411040599599
3 4 7 -1.1378756165504456 -0.026656886911798846
-1 -1 -2 -2.0 -0.28411627022181224
-1 -1 -2 -2.0 -0.06624649085440908
6 7 12 0.39513081312179565 -0.07500320001523271
-1 -1 -2 -2.0 -0.2205305099191793
-1 -1 -2 -2.0 -0.4883090170011658
9 12 11 0.22998394817113876 0.024175357957461875
10 11 8 0.35674941539764404 0.04527017450832884
-1 -1 -2 -2.0 0.08665871005316603
-1 -1 -2 -2.0 0.368375444418911
13 14 5 -0.903960645198822 0.00021788344385152494
-1 -1 -2 -2.0 0.22517258086408004
-1 -1 -2 -2.0 -0.08077751188742495
15
1 8 7 -0.39499010145664215 -0.00042758591279717966
2 5 5 1.8290084600448608 -0.03583515916762494
3 4 12 1.0038008093833923 -0.031111558857869478
-1 -1 -2 -2.0 -0.16655330840134178
-1 -1 -2 -2.0 0.4425834586880338
6 7 5 2.0512229204177856 -0.1060693793147109
-1 -1 -2 -2.0 -0.5731166312001913
-1 -1 -2 -2.0 -0.9052838912402448
9 12 5 0.7905716896057129 0.01913822786688528
10 11 10 0.4638935476541519 0.025656814142294492
-1 -1 -2 -2.0 0.17901055835733976
-1 -1 -2 -2.0 -0.034579618286555584
13 14 12 0.7216958999633789 -0.04964346277627181
-1 -1 -2 -2.0 -0.3366646255138237
-1 -1 -2 -2.0 0.20204672901538212
13
1 8 5 -0.7814173698425293 -0.001671709536918613
2 5 7 1.74085134267807 0.04020731653813617
3 4 5 -1.3740946054458618 0.032237195347526906
-1 -1 -2 -2.0 0.2805371544791922
-1 -1 -2 -2.0 0.08790818697904966
6 7 5 -1.074783205986023 0.09119308562262747
-1 -1 -2 -2.0 0.8264705404461299
-1 -1 -2 -2.0 0.36803102763176454
9 12 12 1.045067846775055 -0.01610115845809516
10 11 8 0.7347181439399719 -0.01696788110355161
-1 -1 -2 -2.0 -0.12427671747270923
-1 -1 -2 -2.0 0.10448845139210297
-1 -1 -2 -2.0 1.9199997773932573
15
1 8 5 0.5264753997325897 -0.0013291900455593897
2 5 9 1.378428339958191 0.014851293503910241
3 4 5 -1.2491896748542786 0.021831219573122933
-1 -1 -2 -2.0 0.3312319198364928
-1 -1 -2 -2.0 0.05439045533524841
6 7 11 0.22699367254972458 -0.053564309986957076
-1 -1 -2 -2.0 -0.1303289837013753
-1 -1 -2 -2.0 -0.3542457040091552
9 12 12 0.7054804563522339 -0.03330490753617636
10 11 10 -0.6991227567195892 -0.04518068086865837
-1 -1 -2 -2.0 -0.4229409604383948
-1 -1 -2 -2.0 -0.18437934154369276
13 14 8 0.7347181439399719 0.00890882121886327
-1 -1 -2 -2.0 -0.046255791270212225
-1 -1 -2 -2.0 0.3190836963541388
13
1 6 7 0.1424735262989998 -0.0027156416566070886
2 5 12 1.038834035396576 -0.02086866852349325
3 4 12 -1.5120948553085327 -0.02171793645825617
-1 -1 -2 -2.0 0.0906578132330964
-1 -1 -2 -2.0 -0.13496951775783975
-1 -1 -2 -2.0 1.3128262805793043
7 10 11 -0.015146925114095211 0.02103858959543032
8 9 8 0.9410022497177124 0.04866723298116869
-1 -1 -2 -2.0 0.1542839308298555
-1 -1 -2 -2.0 0.5872217495515866
11 12 8 1.619797945022583 0.006050704100185941
-1 -1 -2 -2.0 -0.0028943510999064636
-1 -1 -2 -2.0 0.45859793039496927
13
1 8 5 -0.7814173698425293 0.001884488287853323
2 5 7 1.3376502990722656 0.03417060644650993
3 4 11 -0.11125674471259117 0.022920324397337224
-1 -1 -2 -2.0 0.22497724629300733
-1 -1 -2 -2.0 0.013062041090679814
6 7 9 0.19553299248218536 0.06797387236838742
-1 -1 -2 -2.0 0.6159504534009359
-1 -1 -2 -2.0 0.0009092762012301391
9 12 12 1.0450977087020874 -0.00933246897274999
10 11 9 -0.7448337376117706 -0.01015578973423053
-1 -1 -2 -2.0 -0.1799634953375401
-1 -1 -2 -2.0 0.011253212018347034
-1 -1 -2 -2.0 1.7646440806803296
15
1 8 7 -0.47637736797332764 -0.0010042114253917369
2 5 12 1.0038008093833923 -0.02822397404760066
3 4 5 1.8319334983825684 -0.029817545757069373
-1 -1 -2 -2.0 -0.13685102840751073
-1 -1 -2 -2.0 -0.6313273883358905
6 7 10 1.1503361463546753 0.1328043318334796
-1 -1 -2 -2.0 1.0040833382616907
-1 -1 -2 -2.0 0.09489458245132604
9 12 11 0.6484788954257965 0.012370511828246666
10 11 8 0.7347181439399719 0.02304027653860663
-1 -1 -2 -2.0 0.047726044315940734
-1 -1 -2 -2.0 0.2989350287161419
13 14 6 0.9641614258289337 -0.01707882513648496
-1 -1 -2 -2.0 -0.15229149023892527
-1 -1 -2 -2.0 0.2163365014461827
15
1 8 5 -0.1869080737233162 -0.0007468978416555135
2 5 9 1.0853672623634338 0.018829593890355933
3 4 0 -1.227135717868805 0.025256690514695517
-1 -1 -2 -2.0 0.2917837570766794
-1 -1 -2 -2.0 0.09239194642552956
6 7 11 -0.09391112625598907 -0.02795980797526
-1 -1 -2 -2.0 0.06944091493927657
-1 -1 -2 -2.0 -0.23946175083774526
9 12 11 0.7917178869247437 -0.016085673670813736
10 11 8 0.12867563590407372 -0.008391105414446548
-1 -1 -2 -2.0 -0.1337099560388779
-1 -1 -2 -2.0 0.11992918263629578
13 14 12 0.9907291829586029 -0.05390676704608181
-1 -1 -2 -2.0 -0.27083734463545206
-1 -1 -2 -2.0 0.4278448609987979
15
1 8 5 0.8113762140274048 0.00024385862273098265
2 5 10 1.3977075219154358 0.009638251604086254
3 4 11 -0.055351126939058304 0.013198504560007318
-1 -1 -2 -2.0 0.13412990240755465
-1 -1 -2 -2.0 0.0052433174580869355
6 7 12 0.8345440924167633 -0.06902653333194185
-1 -1 -2 -2.0 -0.21464293100289203
-1 -1 -2 -2.0 -0.7268611774436939
9 12 12 0.7213651239871979 -0.02868833125492253
10 11 12 0.5580752491950989 -0.039913009858337165
-1 -1 -2 -2.0 -0.19742965522871458
-1 -1 -2 -2.0 -0.4540547225562514
13 14 7 -0.7777730226516724 0.015208064977790512
-1 -1 -2 -2.0 -0.10568014934563073
-1 -1 -2 -2.0 0.3062489782192968
15
1 8 8 0.7638290822505951 -8.109760040693505e-05
2 5 0 -1.6602423787117004 -0.008810435586787855
3 4 10 0.4933847337961197 0.08912862574942279
-1 -1 -2 -2.0 0.5765665332914114
-1 -1 -2 -2.0 0.17020212684057281
6 7 9 -0.4825250655412674 -0.011064186567240179
-1 -1 -2 -2.0 -0.14576735532420426
-1 -1 -2 -2.0 0.0038700063398599523
9 12 11 0.7478075325489044 0.030847771776052683
10 11 12 0.7757322490215302 0.04856525383755412
-1 -1 -2 -2.0 0.1617604929294228
-1 -1 -2 -2.0 0.44286159380641704
13 14 7 1.20140939950943 7.629575082416506e-06
-1 -1 -2 -2.0 -0.12388103297747574
-1 -1 -2 -2.0 0.22453764420024272
15
1 8 10 1.085688054561615 -0.0005573652876364241
2 5 6 -0.6111920773983002 0.004509197198153974
3 4 12 0.7291931211948395 -0.019797448869794645
-1 -1 -2 -2.0 -0.16594472362632595
-1 -1 -2 -2.0 0.17422751129752106
6 7 11 -0.05535326898097992 0.01379277200356406
-1 -1 -2 -2.0 0.15695199961323025
-1 -1 -2 -2.0 0.0021470364096727807
9 12 12 0.4057234525680542 -0.04120022076876518
10 11 5 -1.1950254440307617 -0.008686420642226758
-1 -1 -2 -2.0 0.3203942489568392
-1 -1 -2 -2.0 -0.07882238039497094
13 14 7 0.23520956933498383 -0.06239614497303564
-1 -1 -2 -2.0 -0.2794560808465752
-1 -1 -2 -2.0 -0.9020581534776084
1.176622628064556
0.1 32
15
1 8 6 -0.610966831445694 -0.0008828571428295567
2 5 8 -0.3122526556253433 -0.2142218915184944
3 4 5 1.1039002537727356 -0.2896352441749804
-1 -1 -2 -2.0 -1.2641236514478338
-1 -1 -2 -2.0 -1.9944845076010618
6 7 12 0.6899357736110687 -0.11880744068649188
-1 -1 -2 -2.0 -1.0001171786209508
-1 -1 -2 -2.0 0.01430840986819171
9 12 7 0.013331176713109016 0.0997560410402799
10 11 7 -0.5030330419540405 -0.004267685950412059
-1 -1 -2 -2.0 -0.3883526571321456
-1 -1 -2 -2.0 0.17345464641611233
13 14 5 -0.20433777570724487 0.149985798908786
-1 -1 -2 -2.0 1.000009842974571
-1 -1 -2 -2.0 0.40537959235510174
15
1 8 6 -0.6099536716938019 -0.001010852960344368
2 5 7 -0.9991216361522675 -0.17819292689526703
3 4 5 0.645932137966156 -0.2688718682083365
-1 -1 -2 -2.0 -0.7874188840872179
-1 -1 -2 -2.0 -1.5799163091658157
6 7 12 0.6565988063812256 -0.10665121566195328
-1 -1 -2 -2.0 -0.8170928158062063
-1 -1 -2 -2.0 0.1240362423182787
9 12 7 0.2295430228114128 0.09808670367245917
10 11 7 -0.38245323300361633 0.020922449411464594
-1 -1 -2 -2.0 -0.24345351509573315
-1 -1 -2 -2.0 0.30649083012302863
13 14 5 0.008217218797653913 0.15167614670070176
-1 -1 -2 -2.0 0.9738275592788647
-1 -1 -2 -2.0 0.37562903787220514
15
1 8 6 -0.6099536716938019 0.000860233289807631
2 5 7 -0.8898611962795258 -0.15755251680417767
3 4 5 1.89220529794693 -0.23742373064052613
-1 -1 -2 -2.0 -1.07344135944155
-1 -1 -2 -2.0 -2.090049083448123
6 7 12 0.7142254710197449 -0.07809022143809667
-1 -1 -2 -2.0 -0.5861131154114426
-1 -1 -2 -2.0 0.334924483152488
9 12 8 0.16128070652484894 0.09067107477410162
10 11 6 -0.4360225796699524 0.02342561889012571
-1 -1 -2 -2.0 -0.26797119111308254
-1 -1 -2 -2.0 0.43498027235650205
13 14 5 -0.33165396749973297 0.1402740474834349
-1 -1 -2 -2.0 1.004483257089899
-1 -1 -2 -2.0 0.5714822052996167
15
1 8 6 -0.6111479699611664 0.0014734197120707371
2 5 7 -1.2797549962997437 -0.1650552087948755
3 4 5 0.44498762488365173 -0.2457489164832749
-1 -1 -2 -2.0 -0.47674978482959646
-1 -1 -2 -2.0 -1.3801033189883245
6 7 12 0.6571725010871887 -0.11382934861267816
-1 -1 -2 -2.0 -0.7408724985496552
-1 -1 -2 -2.0 -0.02336549461326202
9 12 8 0.33175867795944214 0.07084012865625164
10 11 5 -0.01965955924242735 0.01682372581341705
-1 -1 -2 -2.0 0.3799852308373434
-1 -1 -2 -2.0 -0.3190738662186272
13 14 5 -0.12512999027967453 0.12891689185222185
-1 -1 -2 -2.0 0.9670106270043293
-1 -1 -2 -2.0 0.47602564831340555
15
1 8 6 -0.6111136674880981 0.0022063234421925656
2 5 7 -1.27968430519104 -0.14572065052885533
3 4 12 -1.8641833662986755 -0.22153734742715053
-1 -1 -2 -2.0 -0.514444743261335
-1 -1 -2 -2.0 -1.1998802471486798
6 7 12 0.7059846520423889 -0.09941417149701347
-1 -1 -2 -2.0 -0.6173272642244378
-1 -1 -2 -2.0 0.07335072526514094
9 12 7 0.09160362556576729 0.06638275336246557
10 11 10 1.6106757521629333 0.0003784518365726774
-1 -1 -2 -2.0 0.06256249732071778
-1 -1 -2 -2.0 -0.8282082288278223
13 14 5 0.17889880388975143 0.10575567151328287
-1 -1 -2 -2.0 0.8072018055338438
-1 -1 -2 -2.0 0.08618057630708073
15
1 8 7 -0.43058885633945465 0.0005728306625790699
2 5 7 -1.1986578702926636 -0.12364694116257215
3 4 12 -2.63591730594635 -0.19435764154562862
-1 -1 -2 -2.0 -0.22834299596993868
-1 -1 -2 -2.0 -0.9639100007548947
6 7 12 0.9296346008777618 -0.08038483589042272
-1 -1 -2 -2.0 -0.44518148923582634
-1 -1 -2 -2.0 0.7263109483475741
9 12 5 0.28919562697410583 0.06406102938747375
10 11 8 0.40436121821403503 0.09118227460124424
-1 -1 -2 -2.0 0.3592409963431172
-1 -1 -2 -2.0 0.8806806383027648
13 14 12 0.6813181936740875 -0.02486839630978345
-1 -1 -2 -2.0 -0.31492703276053413
-1 -1 -2 -2.0 0.5377399680257007
15
1 8 7 -0.3613143861293793 0.0012975371442747851
2 5 5 1.634441077709198 -0.10394849390885472
3 4 9 -0.2892126068472862 -0.08520220252622411
-1 -1 -2 -2.0 -0.6129129018039899
-1 -1 -2 -2.0 -0.21441098426755667
6 7 7 -1.6432316303253174 -0.24561518328037416
-1 -1 -2 -2.0 -1.4888957779735388
-1 -1 -2 -2.0 -0.9085888031953037
9 12 5 -0.19932137429714203 0.06132108847037404
10 11 7 0.3784015327692032 0.09622700105660421
-1 -1 -2 -2.0 0.3939638983768179
-1 -1 -2 -2.0 0.8690665852170872
13 14 12 0.6471960544586182 0.008098270576530274
-1 -1 -2 -2.0 -0.15232091507330112
-1 -1 -2 -2.0 0.58778624300323
15
1 8 6 -0.602634459733963 0.00036016244890587664
2 5 8 -0.20086587220430374 -0.08409300543131422
3 4 5 0.8067967295646667 -0.134141314984025
-1 -1 -2 -2.0 -0.4110422025639711
-1 -1 -2 -2.0 -0.7096904679086562
6 7 5 1.1908690333366394 -0.023506249745097966
-1 -1 -2 -2.0 0.08660332051641464
-1 -1 -2 -2.0 -0.5611978572948704
9 12 8 0.09458652511239052 0.06263625124815132
10 11 5 -0.4832129180431366 0.0165568481334272
-1 -1 -2 -2.0 0.35007643476541034
-1 -1 -2 -2.0 -0.13374977537964927
13 14 7 0.31929294764995575 0.09077388397162611
-1 -1 -2 -2.0 0.3541241915202005
-1 -1 -2 -2.0 0.8041023453407653
15
1 8 5 0.3223172128200531 0.0008845890616738833
2 5 7 -0.25763334333896637 0.05345887835523229
3 4 10 1.6136208772659302 -0.020255630493611662
-1 -1 -2 -2.0 -0.04539294113314491
-1 -1 -2 -2.0 -0.8163652671219029
6 7 8 0.6565718352794647 0.07219515847259626
-1 -1 -2 -2.0 0.36170656955272734
-1 -1 -2 -2.0 0.8651976206212831
9 12 10 -0.7787221372127533 -0.07974175324742151
10 11 5 1.1422674655914307 -0.1905072240297259
-1 -1 -2 -2.0 -0.6441806117900963
-1 -1 -2 -2.0 -0.98669498024471
13 14 12 0.9158506691455841 -0.04890352274136338
-1 -1 -2 -2.0 -0.28884454913451907
-1 -1 -2 -2.0 0.7817760478333985
15
1 8 7 -0.24959968030452728 0.003238894013986593
2 5 5 1.1581043004989624 -0.06688874055568465
3 4 7 -0.7791065573692322 -0.039621553544219375
-1 -1 -2 -2.0 -0.3393977673609842
-1 -1 -2 -2.0 -0.05868413248838452
6 7 7 -1.609641969203949 -0.1238378881688398
-1 -1 -2 -2.0 -1.0504546861453603
-1 -1 -2 -2.0 -0.39818176912825176
9 12 5 0.1764918863773346 0.051578677932075816
10 11 8 0.6228790283203125 0.06853690077603576
-1 -1 -2 -2.0 0.36819084043384126
-1 -1 -2 -2.0 0.8396889876440883
13 14 12 0.6813181936740875 -0.0035716554051021467
-1 -1 -2 -2.0 -0.16576889356327476
-1 -1 -2 -2.0 0.559382891290575
15
1 8 6 -0.5978439450263977 0.0012463375628238517
2 5 8 -0.01811275538057089 -0.06029581694571786
3 4 5 1.782184898853302 -0.0954277221449929
-1 -1 -2 -2.0 -0.38142502006409207
-1 -1 -2 -2.0 -0.8975715322334861
6 7 5 1.4919618368148804 -0.005230107323589737
-1 -1 -2 -2.0 0.07092082139570934
-1 -1 -2 -2.0 -0.596191681173076
9 12 10 0.725879043340683 0.049755295983083404
10 11 6 0.13267133384943008 0.062146444191198934
-1 -1 -2 -2.0 0.28859170280053653
-1 -1 -2 -2.0 0.7308507307024557
13 14 10 1.6828508973121643 -0.007028041919309989
-1 -1 -2 -2.0 0.03890721814462795
-1 -1 -2 -2.0 -0.7084822070349525
15
1 8 7 -0.2423461228609085 0.0026878421834476214
2 5 5 1.321515440940857 -0.05562992347596514
3 4 12 0.973735511302948 -0.03575044707291738
-1 -1 -2 -2.0 -0.1855010377820104
-1 -1 -2 -2.0 1.294723858760154
6 7 12 0.8861514627933502 -0.12005109656329874
-1 -1 -2 -2.0 -0.5547391185902103
-1 -1 -2 -2.0 0.7244831847651612
9 12 5 -0.3287367671728134 0.04299166945421301
10 11 7 0.6251226663589478 0.06552371443088724
-1 -1 -2 -2.0 0.37372370402689775
-1 -1 -2 -2.0 0.7995329268554365
13 14 12 0.6390527486801147 0.012818643357236571
-1 -1 -2 -2.0 -0.07732903538504997
-1 -1 -2 -2.0 0.5398347754910364
15
1 8 6 -0.6111991703510284 0.0012838955520767439
2 5 12 0.9760892391204834 -0.07056553806741209
3 4 5 1.5473480820655823 -0.07470306685565005
-1 -1 -2 -2.0 -0.2509040260303645
-1 -1 -2 -2.0 -0.5791849018836824
6 7 7 -0.9663653671741486 0.2457836986112999
-1 -1 -2 -2.0 1.49535910012337
-1 -1 -2 -2.0 1.2516151235812643
9 12 8 0.09458652511239052 0.029219402379867185
10 11 5 -0.4832129180431366 -0.006999139992378647
-1 -1 -2 -2.0 0.26140023456068967
-1 -1 -2 -2.0 -0.17869895039869022
13 14 11 0.48341864347457886 0.05465727689455385
-1 -1 -2 -2.0 0.6235902252386777
-1 -1 -2 -2.0 0.22147280041232234
15
1 8 5 0.3236697167158127 0.001472079351576362
2 5 7 0.21426374465227127 0.03503987850631277
3 4 10 1.6106757521629333 0.006695878458847349
-1 -1 -2 -2.0 0.07544184974110375
-1 -1 -2 -2.0 -0.5286560349768215
6 7 12 0.6260686814785004 0.05415619868377311
-1 -1 -2 -2.0 0.396171019890087
-1 -1 -2 -2.0 0.8404839030542496
9 12 9 -0.7448337376117706 -0.04998801875554233
10 11 12 0.9092631638050079 -0.10506526740444173
-1 -1 -2 -2.0 -0.48863123874590936
-1 -1 -2 -2.0 0.5466588142411514
13 14 12 0.6983946561813354 -0.018154985533127607
-1 -1 -2 -2.0 -0.18077083457985343
-1 -1 -2 -2.0 0.26286330327245344
15
1 8 5 0.012126036919653416 -0.0007437489448743784
2 5 10 1.1234474778175354 0.036543084801587404
3 4 5 -0.9068311452865601 0.042506932937809244
-1 -1 -2 -2.0 0.608736469278336
-1 -1 -2 -2.0 0.20780363968213525
6 7 11 0.24501460045576096 -0.049066083478806824
-1 -1 -2 -2.0 -0.1351802144572081
-1 -1 -2 -2.0 -0.7576029758096523
9 12 9 -0.7448337376117706 -0.03958578678226756
10 11 8 0.02136815246194601 -0.09202816320666626
-1 -1 -2 -2.0 -0.49138399797567195
-1 -1 -2 -2.0 -0.20672035381337733
13 14 8 0.6054469645023346 -0.011056000373497028
-1 -1 -2 -2.0 -0.12439252638336983
-1 -1 -2 -2.0 0.3072370166489885
15
1 8 7 -0.6360337436199188 0.002384006614195221
2 5 12 0.8860646486282349 -0.05730567498793086
3 4 5 -0.8925745785236359 -0.06406491164604285
-1 -1 -2 -2.0 0.3258796732273396
-1 -1 -2 -2.0 -0.3032853419681628
6 7 8 -0.44317135214805603 0.0876738801579322
-1 -1 -2 -2.0 -0.6380577285985055
-1 -1 -2 -2.0 0.6726625333776559
9 12 8 0.6228790283203125 0.024213741891372664
10 11 5 -0.5466505289077759 0.006989231770278488
-1 -1 -2 -2.0 0.3107121004926946
-1 -1 -2 -2.0 -0.055231820262899405
13 14 5 1.4988524317741394 0.05497500556399312
-1 -1 -2 -2.0 0.5482692654265003
-1 -1 -2 -2.0 -0.689081540603641
15
1 8 7 -0.36033695936203003 0.0004490597823565267
2 5 5 1.9105648398399353 -0.04196479171819461
3 4 12 0.6899785101413727 -0.03574349918634314
-1 -1 -2 -2.0 -0.21979961169947126
-1 -1 -2 -2.0 0.1502224093448489
6 7 5 2.126230239868164 -0.18991490474129208
-1 -1 -2 -2.0 -0.6305461704414409
-1 -1 -2 -2.0 -1.0373712962118409
9 12 12 0.6391875147819519 0.024568230983458787
10 11 5 -0.3171665072441101 0.010903539312165273
-1 -1 -2 -2.0 0.35180937830226566
-1 -1 -2 -2.0 -0.1056254844540007
13 14 10 1.150179147720337 0.055334696492275175
-1 -1 -2 -2.0 0.600595481110334
-1 -1 -2 -2.0 -0.3766786318812273
13
1 6 7 -0.6354306042194366 0.00013342173546116966
2 5 12 0.9760892391204834 -0.05088634902761286
3 4 5 1.8673669695854187 -0.05378090658226062
-1 -1 -2 -2.0 -0.20189366811151319
-1 -1 -2 -2.0 -0.6230940137477711
-1 -1 -2 -2.0 1.3161431251685418
7 10 8 0.6228790283203125 0.01887405635211462
8 9 11 0.9425072073936462 0.003390832029901597
-1 -1 -2 -2.0 0.0774581936743894
-1 -1 -2 -2.0 -0.42294341194536994
11 12 11 0.770727127790451 0.0459408169553235
-1 -1 -2 -2.0 0.6329881405149019
-1 -1 -2 -2.0 0.14636790056135954
15
1 8 8 -0.20086587220430374 -0.00014463324316309374
2 5 5 -0.48146823048591614 -0.035876164357364904
3 4 12 -1.9814332127571106 0.024282465773827634
-1 -1 -2 -2.0 0.39746476438767825
-1 -1 -2 -2.0 0.03879460221701778
6 7 9 -0.2892126068472862 -0.05370626312407627
-1 -1 -2 -2.0 -0.34240188019114864
-1 -1 -2 -2.0 -0.10987989093129122
9 12 11 0.3911229521036148 0.02176463434274658
10 11 5 1.5043424367904663 0.0418580320439963
-1 -1 -2 -2.0 0.3717087703106796
-1 -1 -2 -2.0 -0.2998503077616145
13 14 10 0.37400154769420624 -0.004530178556672468
-1 -1 -2 -2.0 0.11678214307164049
-1 -1 -2 -2.0 -0.27519360576454316
15
1 8 5 0.012126036919653416 0.0009277540358031014
2 5 10 0.5478976368904114 0.02602190235239083
3 4 12 0.6393671333789825 0.036072351877283075
-1 -1 -2 -2.0 0.2520236328349878
-1 -1 -2 -2.0 0.7822202600384021
6 7 5 -1.2448983788490295 -0.00830198855662465
-1 -1 -2 -2.0 0.33122328458983896
-1 -1 -2 -2.0 -0.13945706808118913
9 12 12 0.6740143299102783 -0.02511312274545231
10 11 9 -0.2892126068472862 -0.04086278983040752
-1 -1 -2 -2.0 -0.29569620459965745
-1 -1 -2 -2.0 -0.07395889567987954
13 14 5 1.920784831047058 0.0282699170060735
-1 -1 -2 -2.0 0.23293164547781153
-1 -1 -2 -2.0 -0.7093546541577581
15
1 8 5 0.5449013710021973 -0.00016693244226281497
2 5 8 0.6054469645023346 0.01736146215056834
3 4 10 1.501305341720581 0.004948448248693115
-1 -1 -2 -2.0 0.062289276053122344
-1 -1 -2 -2.0 -0.3866158855754608
6 7 11 0.9920332729816437 0.040708124527806554
-1 -1 -2 -2.0 0.6393148669249153
-1 -1 -2 -2.0 0.1846304983722901
9 12 10 -0.8098523020744324 -0.036303146907261066
10 11 12 -1.6708165407180786 -0.08742919643431049
-1 -1 -2 -2.0 -0.036370571182369194
-1 -1 -2 -2.0 -0.40747075636368607
13 14 12 0.04260448180139065 -0.02110225610371089
-1 -1 -2 -2.0 0.11492885298765973
-1 -1 -2 -2.0 -0.18260949663169038
15
1 8 5 0.971506267786026 0.0021402097577618477
2 5 8 -0.37485145032405853 0.013544495121466589
3 4 12 -0.35896438360214233 -0.016122612777943888
-1 -1 -2 -2.0 0.024487470114256813
-1 -1 -2 -2.0 -0.30975312501646546
6 7 11 0.9404066205024719 0.024464350007398956
-1 -1 -2 -2.0 0.2834130670738311
-1 -1 -2 -2.0 -0.08680548506923348
9 12 7 -1.5921369194984436 -0.04468732160180225
10 11 0 1.227135717868805 -0.11788068560068617
-1 -1 -2 -2.0 -0.5418424846699608
-1 -1 -2 -2.0 0.1391236728399059
13 14 12 0.9026663601398468 -0.030658169340192654
-1 -1 -2 -2.0 -0.1605844137704407
-1 -1 -2 -2.0 0.5406345617407099
15
1 8 5 1.0846678614616394 0.00032116283531734123
2 5 10 1.2008301615715027 0.010346712400470278
3 4 12 0.6390976011753082 0.015991702174354312
-1 -1 -2 -2.0 0.038355403760002994
-1 -1 -2 -2.0 0.43491043933584067
6 7 9 2.509560704231262 -0.05887188869728021
-1 -1 -2 -2.0 -0.2596112129554621
-1 -1 -2 -2.0 -1.5872230345136935
9 12 7 -1.5913881063461304 -0.050811324162555405
10 11 0 1.227135717868805 -0.11986119560798056
-1 -1 -2 -2.0 -0.5352881179469953
-1 -1 -2 -2.0 -0.15873478151046597
13 14 12 0.07266099750995636 -0.03683203550777776
-1 -1 -2 -2.0 0.03737447882425345
-1 -1 -2 -2.0 -0.25837506353847245
15
1 8 5 -0.3360488712787628 -0.00035284110332932123
2 5 10 0.37543071806430817 0.02655407631994372
3 4 5 -0.9097113609313965 0.035327917360592646
-1 -1 -2 -2.0 0.561535232165034
-1 -1 -2 -2.0 0.2254612345976184
6 7 10 1.8117517828941345 0.0035149026734924696
-1 -1 -2 -2.0 0.057868677123174256
-1 -1 -2 -2.0 -0.5115405000215637
9 12 12 0.9296346008777618 -0.01817789108681808
10 11 9 -0.7448337376117706 -0.023401674384445334
-1 -1 -2 -2.0 -0.2536622131016721
-1 -1 -2 -2.0 -0.04158501519238152
13 14 12 0.973735511302948 0.09685672885770194
-1 -1 -2 -2.0 0.46154508382354786
-1 -1 -2 -2.0 1.1926805109624343
15
1 8 5 -0.19932137429714203 0.001048803154452826
2 5 7 0.385980024933815 0.023184440313120468
3 4 11 1.0467199683189392 0.006802809629848249
-1 -1 -2 -2.0 0.08660398469734652
-1 -1 -2 -2.0 -0.6260663771293652
6 7 9 1.5148791670799255 0.034644710150324456
-1 -1 -2 -2.0 0.5114687534194263
-1 -1 -2 -2.0 -1.7082401272851973
9 12 9 -0.7448337376117706 -0.016336425886964528
10 11 12 0.967521458864212 -0.04492910820422242
-1 -1 -2 -2.0 -0.22328601541653462
-1 -1 -2 -2.0 1.1294190351545137
13 14 12 0.9760892391204834 -0.0011010803829404245
-1 -1 -2 -2.0 -0.022302893429654354
-1 -1 -2 -2.0 1.1844191344226525
15
1 8 7 -0.6676503121852875 0.0009479679742179589
2 5 0 -1.227135717868805 -0.02739428945676996
3 4 10 0.928130716085434 0.0408835953775801
-1 -1 -2 -2.0 0.10749211014204538
-1 -1 -2 -2.0 0.43633924304712546
6 7 12 0.9762327671051025 -0.03527266811561659
-1 -1 -2 -2.0 -0.16152602374268163
-1 -1 -2 -2.0 1.2314370468666562
9 12 12 0.929533988237381 0.010886105321417709
10 11 11 0.3829122930765152 0.007397778815648092
-1 -1 -2 -2.0 0.14155487756344445
-1 -1 -2 -2.0 -0.10304577232874161
13 14 6 -0.4769085794687271 0.070500570373951
-1 -1 -2 -2.0 0.8569379081050166
-1 -1 -2 -2.0 0.8642425611187601
15
1 8 5 -0.4832129180431366 -0.00029283111276977986
2 5 7 0.6246326863765717 0.02350206597144485
3 4 11 -0.0794154442846775 0.009217193271625882
-1 -1 -2 -2.0 0.1999468898446211
-1 -1 -2 -2.0 -0.1092468141305358
6 7 5 -1.2491896748542786 0.03704273275833686
-1 -1 -2 -2.0 0.8078776416240404
-1 -1 -2 -2.0 0.44430626210755336
9 12 12 0.6571725010871887 -0.0130075740245004
10 11 11 0.9380777180194855 -0.023843070482142636
-1 -1 -2 -2.0 -0.08428432265783242
-1 -1 -2 -2.0 -0.46278888799066137
13 14 8 -0.6019839346408844 0.019165196386703377
-1 -1 -2 -2.0 -0.5712586140217729
-1 -1 -2 -2.0 0.18855378154168473
15
1 8 8 -0.37485145032405853 8.819026600726685e-05
2 5 12 -0.2672976851463318 -0.023531012803019648
3 4 10 -0.07947399839758873 -0.006373077814107021
-1 -1 -2 -2.0 -0.10740370471221194
-1 -1 -2 -2.0 0.17361822793852777
6 7 10 0.2097988873720169 -0.05657383093599318
-1 -1 -2 -2.0 -0.5913361677477601
-1 -1 -2 -2.0 -0.1818879444534928
9 12 11 0.6720315515995026 0.01105850193226518
10 11 12 0.6391424536705017 0.022301378196224207
-1 -1 -2 -2.0 0.08501035776532238
-1 -1 -2 -2.0 0.4083932842444916
13 14 5 -0.3287367671728134 -0.016592610552490967
-1 -1 -2 -2.0 0.19858693931052823
-1 -1 -2 -2.0 -0.2414658408224481
13
1 8 8 0.8188634812831879 -0.0002078683347243752
2 5 9 -0.7448337376117706 -0.008102523469615253
3 4 5 -0.39220818877220154 -0.028622633150754258
-1 -1 -2 -2.0 0.047856597749580274
-1 -1 -2 -2.0 -0.2026684973514731
6 7 12 -0.48547735810279846 0.002044644335621446
-1 -1 -2 -2.0 0.25636998237994685
-1 -1 -2 -2.0 -0.0382927803984266
9 12 5 1.816264569759369 0.030518334692544592
10 11 9 2.088618755340576 0.031993586132873376
-1 -1 -2 -2.0 0.4183792363580147
-1 -1 -2 -2.0 -0.8142010317613498
-1 -1 -2 -2.0 -0.7049869181457742
15
1 8 5 -0.48146823048591614 0.0010193260044539724
2 5 10 0.37391024827957153 0.020437473349254682
3 4 9 1.5148791670799255 0.02735303958062338
-1 -1 -2 -2.0 0.38355600194002876
-1 -1 -2 -2.0 -0.5830065531136688
6 7 12 0.902149111032486 0.0016781749188856012
-1 -1 -2 -2.0 -0.036957857552654225
-1 -1 -2 -2.0 0.7820997060843694
9 12 12 0.6740143299102783 -0.009441196207294169
10 11 12 0.07234353199601173 -0.018488833033715433
-1 -1 -2 -2.0 -0.004519629411595354
-1 -1 -2 -2.0 -0.21072096805068224
13 14 8 -0.37485145032405853 0.01923494500169866
-1 -1 -2 -2.0 -0.3340765695682604
-1 -1 -2 -2.0 0.21847036349098622
15
1 8 8 0.09458652511239052 -0.0004033110475069279
2 5 9 -0.2892126068472862 -0.014156949196774713
3 4 12 -1.6740253567695618 -0.029790262317351563
-1 -1 -2 -2.0 0.06845590711525944
-1 -1 -2 -2.0 -0.2263726182028295
6 7 9 2.286914825439453 0.0010798732083664238
-1 -1 -2 -2.0 0.0246950280307751
-1 -1 -2 -2.0 -0.5799951198866236
9 12 5 1.8422326445579529 0.013502056504465447
10 11 12 0.6978442072868347 0.014968892191189192
-1 -1 -2 -2.0 0.03889109843607129
-1 -1 -2 -2.0 0.36752448284635814
13 14 9 0.10042768344283104 -0.12804964165616392
-1 -1 -2 -2.0 -0.8299592213750422
-1 -1 -2 -2.0 -0.024100068861473863
15
1 8 8 0.40436121821403503 0.0010628687238163994
2 5 0 -1.227135717868805 -0.008818250756993247
3 4 12 -1.6767838597297668 0.02622708035269688
-1 -1 -2 -2.0 0.49051204351372285
-1 -1 -2 -2.0 0.10596844076775012
6 7 0 1.227135717868805 -0.014832393778499455
-1 -1 -2 -2.0 -0.11629370578350746
-1 -1 -2 -2.0 0.11139525751928891
9 12 5 1.1329345703125 0.018363953269442554
10 11 11 0.29146820306777954 0.022968895482652876
-1 -1 -2 -2.0 0.4994456980166403
-1 -1 -2 -2.0 0.11437547468796984
13 14 12 0.69858518242836 -0.040541868505071334
-1 -1 -2 -2.0 -0.3379879115529988
-1 -1 -2 -2.0 0.10481042254981478
